255 255 255 255 255 255 255 255 255 255 255 255 255 255 255 255
255 255 255 255 255 255 255 255 255 255 208 205 205 208 255 255
255 255 255 255 255 255 255 255 255 255  48  34  34  48 255 255
255 255 255 255 255 255 255 254 237 237  39  26  26  40 255 255
255 255 255 255 255 255 255 251  79  79  29  26  26  40 255 255
255 255 255 255 255 254 240 237  40  40  26  29  39  53 255 255
255 255 255 255 255 240  26  30 255 255  40  79 237 255 255 255
255 255 255 254 251 237  30  34 250 250  43  82 237 255 255 255
255 255 255 237  79  40 255 250  26  26 240 255 255 255 255 255
255 255 255 237  79  40 255 250  26  26 240 255 255 255 255 255
255 208  48  39  29  26  40  43 240 240 254 255 255 255 255 255
201 174  84  75  38  29  79  82 255 255 255 255 255 255 255 255
 43  85 229 220  75  39 237 237 255 255 255 255 255 255 255 255
 26  72 232 225  87  53 255 255 255 255 255 255 255 255 255 255
 26  26  26  43 201 255 255 255 255 255 255 255 255 255 255 255
 26  26  26  43 201 255 255 255 255 255 255 255 255 255 255 255
255 255 255 255 255 255 255 255 255 255 255 255 255 255 255 255
255 255 255 255 255 255 255 255 255 255 207 203 203 207 255 255
255 255 255 255 255 255 255 255 255 255  42  28  28  42 255 255
255 255 255 255 255 255 255 254 236 236  32  19  19  33 255 255
255 255 255 255 255 255 255 251  74  74  22  19  19  33 255 255
255 255 255 255 255 254 240 236  33  33  19  22  32  47 255 255
255 255 255 255 255 240  19  23 255 255  33  74 236 255 255 255
255 255 255 254 251 236  23  27 250 250  37  77 236 255 255 255
255 255 255 236  74  33 255 250  19  19 240 255 255 255 255 255
255 255 255 236  74  33 255 250  19  19 240 255 255 255 255 255
255 207  42  32  22  19  33  37 240 240 254 255 255 255 255 255
199 172  79  70  31  22  74  77 255 255 255 255 255 255 255 255
 37  80 228 219  70  32 236 236 255 255 255 255 255 255 255 255
 19  66 231 224  82  47 255 255 255 255 255 255 255 255 255 255
 19  19  19  37 199 255 255 255 255 255 255 255 255 255 255 255
 19  19  19  37 199 255 255 255 255 255 255 255 255 255 255 255
255 255 255 255 255 255 255 255 255 255 255 255 255 255 255 255
255 255 255 255 255 255 255 255 255 255 207 203 203 207 255 255
255 255 255 255 255 255 255 255 255 255  43  29  29  43 255 255
255 255 255 255 255 255 255 254 236 236  33  20  20  34 255 255
255 255 255 255 255 255 255 251  75  75  23  20  20  34 255 255
255 255 255 255 255 254 240 236  34  34  20  23  33  48 255 255
255 255 255 255 255 240  20  24 255 255  34  75 236 255 255 255
255 255 255 254 251 236  24  28 250 250  38  78 237 255 255 255
255 255 255 236  75  34 255 250  20  20 240 255 255 255 255 255
255 255 255 236  75  34 255 250  20  20 240 255 255 255 255 255
255 207  43  33  23  20  34  38 240 240 254 255 255 255 255 255
200 172  79  70  32  23  75  78 255 255 255 255 255 255 255 255
 38  81 228 219  70  33 236 237 255 255 255 255 255 255 255 255
 20  67 231 224  82  48 255 255 255 255 255 255 255 255 255 255
 20  20  20  38 200 255 255 255 255 255 255 255 255 255 255 255
 20  20  20  38 200 255 255 255 255 255 255 255 255 255 255 255

255 255 255 255 255 255 255 255 255 255 255 255 255 255 255 255
255 255 255 255 255 255 255 255 255 255 255 255 255 255 255 255
255 209  49  40  40  54 255 255 255 255 255 255 255 255 255 255
255 206  35  26  26  39 237 237 255 255 255 255 255 255 255 255
255 206  35  26  26  29  80  83 255 255 255 255 255 255 255 255
255 209  49  39  29  27  40  44 241 241 254 255 255 255 255 255
255 255 255 237  80  40 255 251  26  26 241 255 255 255 255 255
255 255 255 237  80  40 255 251  26  26 241 255 255 255 255 255
255 255 255 255 252 237  30  34 251 251  44  83 237 255 255 255
255 255 255 255 255 241  26  30 255 255  40  80 237 255 255 255
255 255 255 255 255 254 241 237  40  40  27  29  39  54 255 255
255 255 255 255 255 255 255 252  80  80  29  39  76  87 201 201
255 255 255 255 255 255 255 255 237 237  39  76 221 225  44  44
255 255 255 255 255 255 255 255 255 255  49  84 230 232  26  26
255 255 255 255 255 255 255 255 255 255 209 175  86  72  26  26
255 255 255 255 255 255 255 255 255 255 255 201  44  26  26  26
255 255 255 255 255 255 255 255 255 255 255 255 255 255 255 255
255 255 255 255 255 255 255 255 255 255 255 255 255 255 255 255
255 207  42  34  34  48 255 255 255 255 255 255 255 255 255 255
255 204  28  19  19  33 237 237 255 255 255 255 255 255 255 255
255 204  28  19  19  22  74  77 255 255 255 255 255 255 255 255
255 207  42  33  22  20  34  37 240 240 254 255 255 255 255 255
255 255 255 237  74  34 255 251  19  19 240 255 255 255 255 255
255 255 255 237  74  34 255 251  19  19 240 255 255 255 255 255
255 255 255 255 252 237  23  27 251 251  37  77 237 255 255 255
255 255 255 255 255 240  19  23 255 255  34  74 237 255 255 255
255 255 255 255 255 254 240 237  34  34  20  22  33  48 255 255
255 255 255 255 255 255 255 252  74  74  22  32  70  82 200 200
255 255 255 255 255 255 255 255 237 237  33  70 220 224  37  37
255 255 255 255 255 255 255 255 255 255  42  79 229 232  19  19
255 255 255 255 255 255 255 255 255 255 207 173  81  67  19  19
255 255 255 255 255 255 255 255 255 255 255 200  37  19  19  19
255 255 255 255 255 255 255 255 255 255 255 255 255 255 255 255
255 255 255 255 255 255 255 255 255 255 255 255 255 255 255 255
255 207  43  35  35  48 255 255 255 255 255 255 255 255 255 255
255 204  29  20  20  34 237 237 255 255 255 255 255 255 255 255
255 204  29  20  20  23  75  78 255 255 255 255 255 255 255 255
255 207  43  34  23  21  35  38 240 240 254 255 255 255 255 255
255 255 255 237  75  35 255 251  20  20 240 255 255 255 255 255
255 255 255 237  75  35 255 251  20  20 240 255 255 255 255 255
255 255 255 255 252 237  24  28 251 251  38  78 237 255 255 255
255 255 255 255 255 240  20  24 255 255  35  75 237 255 255 255
255 255 255 255 255 254 240 237  35  35  21  23  34  48 255 255
255 255 255 255 255 255 255 252  75  75  23  33  71  83 200 200
255 255 255 255 255 255 255 255 237 237  34  71 220 224  38  38
255 255 255 255 255 255 255 255 255 255  43  80 229 232  20  20
255 255 255 255 255 255 255 255 255 255 207 173  82  68  20  20
255 255 255 255 255 255 255 255 255 255 255 200  38  20  20  20

255 255 255 255 255 255 255 255 255 255 255 201  43  26  26  26
255 255 255 255 255 255 255 255 255 255 255 201  43  26  26  26
255 255 255 255 255 255 255 255 255 255  53  87 225 232  72  26
255 255 255 255 255 255 255 255 237 237  39  75 220 229  85  43
255 255 255 255 255 255 255 255  82  79  29  38  75  84 174 201
255 255 255 255 255 254 240 240  43  40  26  29  39  48 208 255
255 255 255 255 255 240  26  26 250 255  40  79 237 255 255 255
255 255 255 255 255 240  26  26 250 255  40  79 237 255 255 255
255 255 255 237  82  43 250 250  34  30 237 251 254 255 255 255
255 255 255 237  79  40 255 255  30  26 240 255 255 255 255 255
255 255  53  39  29  26  40  40 237 240 254 255 255 255 255 255
255 255  40  26  26  29  79  79 251 255 255 255 255 255 255 255
255 255  40  26  26  39 237 237 254 255 255 255 255 255 255 255
255 255  48  34  34  48 255 255 255 255 255 255 255 255 255 255
255 255 208 205 205 208 255 255 255 255 255 255 255 255 255 255
255 255 255 255 255 255 255 255 255 255 255 255 255 255 255 255
255 255 255 255 255 255 255 255 255 255 255 199  37  19  19  19
255 255 255 255 255 255 255 255 255 255 255 199  37  19  19  19
255 255 255 255 255 255 255 255 255 255  47  82 224 231  66  19
255 255 255 255 255 255 255 255 236 236  32  70 219 228  80  37
255 255 255 255 255 255 255 255  77  74  22  31  70  79 172 199
255 255 255 255 255 254 240 240  37  33  19  22  32  42 207 255
255 255 255 255 255 240  19  19 250 255  33  74 236 255 255 255
255 255 255 255 255 240  19  19 250 255  33  74 236 255 255 255
255 255 255 236  77  37 250 250  27  23 236 251 254 255 255 255
255 255 255 236  74  33 255 255  23  19 240 255 255 255 255 255
255 255  47  32  22  19  33  33 236 240 254 255 255 255 255 255
255 255  33  19  19  22  74  74 251 255 255 255 255 255 255 255
255 255  33  19  19  32 236 236 254 255 255 255 255 255 255 255
255 255  42  28  28  42 255 255 255 255 255 255 255 255 255 255
255 255 207 203 203 207 255 255 255 255 255 255 255 255 255 255
255 255 255 255 255 255 255 255 255 255 255 255 255 255 255 255
255 255 255 255 255 255 255 255 255 255 255 200  38  20  20  20
255 255 255 255 255 255 255 255 255 255 255 200  38  20  20  20
255 255 255 255 255 255 255 255 255 255  48  82 224 231  67  20
255 255 255 255 255 255 255 255 237 236  33  70 219 228  81  38
255 255 255 255 255 255 255 255  78  75  23  32  70  79 172 200
255 255 255 255 255 254 240 240  38  34  20  23  33  43 207 255
255 255 255 255 255 240  20  20 250 255  34  75 236 255 255 255
255 255 255 255 255 240  20  20 250 255  34  75 236 255 255 255
255 255 255 237  78  38 250 250  28  24 236 251 254 255 255 255
255 255 255 236  75  34 255 255  24  20 240 255 255 255 255 255
255 255  48  33  23  20  34  34 236 240 254 255 255 255 255 255
255 255  34  20  20  23  75  75 251 255 255 255 255 255 255 255
255 255  34  20  20  33 236 236 254 255 255 255 255 255 255 255
255 255  43  29  29  43 255 255 255 255 255 255 255 255 255 255
255 255 207 203 203 207 255 255 255 255 255 255 255 255 255 255
255 255 255 255 255 255 255 255 255 255 255 255 255 255 255 255

 26  26  26  44 201 255 255 255 255 255 255 255 255 255 255 255
 26  26  72  86 175 209 255 255 255 255 255 255 255 255 255 255
 26  26 232 230  84  49 255 255 255 255 255 255 255 255 255 255
 44  44 225 221  76  39 237 237 255 255 255 255 255 255 255 255
201 201  87  76  39  29  80  80 252 255 255 255 255 255 255 255
255 255  54  39  29  27  40  40 237 241 254 255 255 255 255 255
255 255 255 237  80  40 255 255  30  26 241 255 255 255 255 255
255 255 255 237  83  44 251 251  34  30 237 252 255 255 255 255
255 255 255 255 255 241  26  26 251 255  40  80 237 255 255 255
255 255 255 255 255 241  26  26 251 255  40  80 237 255 255 255
255 255 255 255 255 254 241 241  44  40  27  29  39  49 209 255
255 255 255 255 255 255 255 255  83  80  29  26  26  35 206 255
255 255 255 255 255 255 255 255 237 237  39  26  26  35 206 255
255 255 255 255 255 255 255 255 255 255  54  40  40  49 209 255
255 255 255 255 255 255 255 255 255 255 255 255 255 255 255 255
255 255 255 255 255 255 255 255 255 255 255 255 255 255 255 255
 19  19  19  37 200 255 255 255 255 255 255 255 255 255 255 255
 19  19  67  81 173 207 255 255 255 255 255 255 255 255 255 255
 19  19 232 229  79  42 255 255 255 255 255 255 255 255 255 255
 37  37 224 220  70  33 237 237 255 255 255 255 255 255 255 255
200 200  82  70  32  22  74  74 252 255 255 255 255 255 255 255
255 255  48  33  22  20  34  34 237 240 254 255 255 255 255 255
255 255 255 237  74  34 255 255  23  19 240 255 255 255 255 255
255 255 255 237  77  37 251 251  27  23 237 252 255 255 255 255
255 255 255 255 255 240  19  19 251 255  34  74 237 255 255 255
255 255 255 255 255 240  19  19 251 255  34  74 237 255 255 255
255 255 255 255 255 254 240 240  37  34  20  22  33  42 207 255
255 255 255 255 255 255 255 255  77  74  22  19  19  28 204 255
255 255 255 255 255 255 255 255 237 237  33  19  19  28 204 255
255 255 255 255 255 255 255 255 255 255  48  34  34  42 207 255
255 255 255 255 255 255 255 255 255 255 255 255 255 255 255 255
255 255 255 255 255 255 255 255 255 255 255 255 255 255 255 255
 20  20  20  38 200 255 255 255 255 255 255 255 255 255 255 255
 20  20  68  82 173 207 255 255 255 255 255 255 255 255 255 255
 20  20 232 229  80  43 255 255 255 255 255 255 255 255 255 255
 38  38 224 220  71  34 237 237 255 255 255 255 255 255 255 255
200 200  83  71  33  23  75  75 252 255 255 255 255 255 255 255
255 255  48  34  23  21  35  35 237 240 254 255 255 255 255 255
255 255 255 237  75  35 255 255  24  20 240 255 255 255 255 255
255 255 255 237  78  38 251 251  28  24 237 252 255 255 255 255
255 255 255 255 255 240  20  20 251 255  35  75 237 255 255 255
255 255 255 255 255 240  20  20 251 255  35  75 237 255 255 255
255 255 255 255 255 254 240 240  38  35  21  23  34  43 207 255
255 255 255 255 255 255 255 255  78  75  23  20  20  29 204 255
255 255 255 255 255 255 255 255 237 237  34  20  20  29 204 255
255 255 255 255 255 255 255 255 255 255  48  35  35  43 207 255
255 255 255 255 255 255 255 255 255 255 255 255 255 255 255 255
255 255 255 255 255 255 255 255 255 255 255 255 255 255 255 255
