255 255 255 255  26  68 211 255 255 211  68  26 255 255 255 255
255 255 255 255  68 103 219 255 255 219 103  68 255 255 255 255
255 255 255 255 211 219 246 255 255 246 219 211 255 255 255 255
255 255 255 255 255 255 255 255 255 255 255 255 255 255 255 255
 26  68 211 255 255 211  68  26  26  68 211 255 255 211  68  26
 68 103 219 255 211 184  95  68  68  95 184 211 255 219 103  68
211 219 246 255  68  95 184 211 211 184  95  68 255 246 219 211
255 255 255 255  26  68 211 255 255 211  68  26 255 255 255 255
255 255 255 255  26  68 211 255 255 211  68  26 255 255 255 255
211 219 246 255  68  95 184 211 211 184  95  68 255 246 219 211
 68 103 219 255 211 184  95  68  68  95 184 211 255 219 103  68
 26  68 211 255 255 211  68  26  26  68 211 255 255 211  68  26
255 255 255 255 255 255 255 255 255 255 255 255 255 255 255 255
255 255 255 255 211 219 246 255 255 246 219 211 255 255 255 255
255 255 255 255  68 103 219 255 255 219 103  68 255 255 255 255
255 255 255 255  26  68 211 255 255 211  68  26 255 255 255 255
255 255 255 255  19  63 210 255 255 210  63  19 255 255 255 255
255 255 255 255  63  99 219 255 255 219  99  63 255 255 255 255
255 255 255 255 210 219 246 255 255 246 219 210 255 255 255 255
255 255 255 255 255 255 255 255 255 255 255 255 255 255 255 255
 19  63 210 255 255 210  63  19  19  63 210 255 255 210  63  19
 63  99 219 255 210 183  90  63  63  90 183 210 255 219  99  63
210 219 246 255  63  90 183 210 210 183  90  63 255 246 219 210
255 255 255 255  19  63 210 255 255 210  63  19 255 255 255 255
255 255 255 255  19  63 210 255 255 210  63  19 255 255 255 255
210 219 246 255  63  90 183 210 210 183  90  63 255 246 219 210
 63  99 219 255 210 183  90  63  63  90 183 210 255 219  99  63
 19  63 210 255 255 210  63  19  19  63 210 255 255 210  63  19
255 255 255 255 255 255 255 255 255 255 255 255 255 255 255 255
255 255 255 255 210 219 246 255 255 246 219 210 255 255 255 255
255 255 255 255  63  99 219 255 255 219  99  63 255 255 255 255
255 255 255 255  19  63 210 255 255 210  63  19 255 255 255 255
255 255 255 255  20  63 210 255 255 210  63  20 255 255 255 255
255 255 255 255  63  99 219 255 255 219  99  63 255 255 255 255
255 255 255 255 210 219 246 255 255 246 219 210 255 255 255 255
255 255 255 255 255 255 255 255 255 255 255 255 255 255 255 255
 20  63 210 255 255 210  63  20  20  63 210 255 255 210  63  20
 63  99 219 255 210 183  91  63  63  91 183 210 255 219  99  63
210 219 246 255  63  91 183 210 210 183  91  63 255 246 219 210
255 255 255 255  20  63 210 255 255 210  63  20 255 255 255 255
255 255 255 255  20  63 210 255 255 210  63  20 255 255 255 255
210 219 246 255  63  91 183 210 210 183  91  63 255 246 219 210
 63  99 219 255 210 183  91  63  63  91 183 210 255 219  99  63
 20  63 210 255 255 210  63  20  20  63 210 255 255 210  63  20
255 255 255 255 255 255 255 255 255 255 255 255 255 255 255 255
255 255 255 255 210 219 246 255 255 246 219 210 255 255 255 255
255 255 255 255  63  99 219 255 255 219  99  63 255 255 255 255
255 255 255 255  20  63 210 255 255 210  63  20 255 255 255 255

255 255 255 255  26  69 212 255 255 212  69  26 255 255 255 255
255 255 255 255  69 103 220 255 255 220 103  69 255 255 255 255
255 255 255 255 212 220 247 255 255 247 220 212 255 255 255 255
255 255 255 255 255 255 255 255 255 255 255 255 255 255 255 255
 26  69 212 255 255 212  69  26  26  69 212 255 255 212  69  26
 69 103 220 255 212 185  95  69  69  95 185 212 255 220 103  69
212 220 247 255  69  95 185 212 212 185  95  69 255 247 220 212
255 255 255 255  26  69 212 255 255 212  69  26 255 255 255 255
255 255 255 255  26  69 212 255 255 212  69  26 255 255 255 255
212 220 247 255  69  95 185 212 212 185  95  69 255 247 220 212
 69 103 220 255 212 185  95  69  69  95 185 212 255 220 103  69
 26  69 212 255 255 212  69  26  26  69 212 255 255 212  69  26
255 255 255 255 255 255 255 255 255 255 255 255 255 255 255 255
255 255 255 255 212 220 247 255 255 247 220 212 255 255 255 255
255 255 255 255  69 103 220 255 255 220 103  69 255 255 255 255
255 255 255 255  26  69 212 255 255 212  69  26 255 255 255 255
255 255 255 255  19  63 211 255 255 211  63  19 255 255 255 255
255 255 255 255  63  99 219 255 255 219  99  63 255 255 255 255
255 255 255 255 211 219 247 255 255 247 219 211 255 255 255 255
255 255 255 255 255 255 255 255 255 255 255 255 255 255 255 255
 19  63 211 255 255 211  63  19  19  63 211 255 255 211  63  19
 63  99 219 255 211 183  91  63  63  91 183 211 255 219  99  63
211 219 247 255  63  91 183 211 211 183  91  63 255 247 219 211
255 255 255 255  19  63 211 255 255 211  63  19 255 255 255 255
255 255 255 255  19  63 211 255 255 211  63  19 255 255 255 255
211 219 247 255  63  91 183 211 211 183  91  63 255 247 219 211
 63  99 219 255 211 183  91  63  63  91 183 211 255 219  99  63
 19  63 211 255 255 211  63  19  19  63 211 255 255 211  63  19
255 255 255 255 255 255 255 255 255 255 255 255 255 255 255 255
255 255 255 255 211 219 247 255 255 247 219 211 255 255 255 255
255 255 255 255  63  99 219 255 255 219  99  63 255 255 255 255
255 255 255 255  19  63 211 255 255 211  63  19 255 255 255 255
255 255 255 255  20  64 211 255 255 211  64  20 255 255 255 255
255 255 255 255  64 100 219 255 255 219 100  64 255 255 255 255
255 255 255 255 211 219 247 255 255 247 219 211 255 255 255 255
255 255 255 255 255 255 255 255 255 255 255 255 255 255 255 255
 20  64 211 255 255 211  64  20  20  64 211 255 255 211  64  20
 64 100 219 255 211 183  91  64  64  91 183 211 255 219 100  64
211 219 247 255  64  91 183 211 211 183  91  64 255 247 219 211
255 255 255 255  20  64 211 255 255 211  64  20 255 255 255 255
255 255 255 255  20  64 211 255 255 211  64  20 255 255 255 255
211 219 247 255  64  91 183 211 211 183  91  64 255 247 219 211
 64 100 219 255 211 183  91  64  64  91 183 211 255 219 100  64
 20  64 211 255 255 211  64  20  20  64 211 255 255 211  64  20
255 255 255 255 255 255 255 255 255 255 255 255 255 255 255 255
255 255 255 255 211 219 247 255 255 247 219 211 255 255 255 255
255 255 255 255  64 100 219 255 255 219 100  64 255 255 255 255
255 255 255 255  20  64 211 255 255 211  64  20 255 255 255 255

255 255 255 255  26  68 211 255 255 211  68  26 255 255 255 255
255 255 255 255  68 103 219 255 255 219 103  68 255 255 255 255
255 255 255 255 211 219 246 255 255 246 219 211 255 255 255 255
255 255 255 255 255 255 255 255 255 255 255 255 255 255 255 255
 26  68 211 255 255 211  68  26  26  68 211 255 255 211  68  26
 68 103 219 255 211 184  95  68  68  95 184 211 255 219 103  68
211 219 246 255  68  95 184 211 211 184  95  68 255 246 219 211
255 255 255 255  26  68 211 255 255 211  68  26 255 255 255 255
255 255 255 255  26  68 211 255 255 211  68  26 255 255 255 255
211 219 246 255  68  95 184 211 211 184  95  68 255 246 219 211
 68 103 219 255 211 184  95  68  68  95 184 211 255 219 103  68
 26  68 211 255 255 211  68  26  26  68 211 255 255 211  68  26
255 255 255 255 255 255 255 255 255 255 255 255 255 255 255 255
255 255 255 255 211 219 246 255 255 246 219 211 255 255 255 255
255 255 255 255  68 103 219 255 255 219 103  68 255 255 255 255
255 255 255 255  26  68 211 255 255 211  68  26 255 255 255 255
255 255 255 255  19  63 210 255 255 210  63  19 255 255 255 255
255 255 255 255  63  99 219 255 255 219  99  63 255 255 255 255
255 255 255 255 210 219 246 255 255 246 219 210 255 255 255 255
255 255 255 255 255 255 255 255 255 255 255 255 255 255 255 255
 19  63 210 255 255 210  63  19  19  63 210 255 255 210  63  19
 63  99 219 255 210 183  90  63  63  90 183 210 255 219  99  63
210 219 246 255  63  90 183 210 210 183  90  63 255 246 219 210
255 255 255 255  19  63 210 255 255 210  63  19 255 255 255 255
255 255 255 255  19  63 210 255 255 210  63  19 255 255 255 255
210 219 246 255  63  90 183 210 210 183  90  63 255 246 219 210
 63  99 219 255 210 183  90  63  63  90 183 210 255 219  99  63
 19  63 210 255 255 210  63  19  19  63 210 255 255 210  63  19
255 255 255 255 255 255 255 255 255 255 255 255 255 255 255 255
255 255 255 255 210 219 246 255 255 246 219 210 255 255 255 255
255 255 255 255  63  99 219 255 255 219  99  63 255 255 255 255
255 255 255 255  19  63 210 255 255 210  63  19 255 255 255 255
255 255 255 255  20  63 210 255 255 210  63  20 255 255 255 255
255 255 255 255  63  99 219 255 255 219  99  63 255 255 255 255
255 255 255 255 210 219 246 255 255 246 219 210 255 255 255 255
255 255 255 255 255 255 255 255 255 255 255 255 255 255 255 255
 20  63 210 255 255 210  63  20  20  63 210 255 255 210  63  20
 63  99 219 255 210 183  91  63  63  91 183 210 255 219  99  63
210 219 246 255  63  91 183 210 210 183  91  63 255 246 219 210
255 255 255 255  20  63 210 255 255 210  63  20 255 255 255 255
255 255 255 255  20  63 210 255 255 210  63  20 255 255 255 255
210 219 246 255  63  91 183 210 210 183  91  63 255 246 219 210
 63  99 219 255 210 183  91  63  63  91 183 210 255 219  99  63
 20  63 210 255 255 210  63  20  20  63 210 255 255 210  63  20
255 255 255 255 255 255 255 255 255 255 255 255 255 255 255 255
255 255 255 255 210 219 246 255 255 246 219 210 255 255 255 255
255 255 255 255  63  99 219 255 255 219  99  63 255 255 255 255
255 255 255 255  20  63 210 255 255 210  63  20 255 255 255 255

255 255 255 255  26  69 212 255 255 212  69  26 255 255 255 255
255 255 255 255  69 103 220 255 255 220 103  69 255 255 255 255
255 255 255 255 212 220 247 255 255 247 220 212 255 255 255 255
255 255 255 255 255 255 255 255 255 255 255 255 255 255 255 255
 26  69 212 255 255 212  69  26  26  69 212 255 255 212  69  26
 69 103 220 255 212 185  95  69  69  95 185 212 255 220 103  69
212 220 247 255  69  95 185 212 212 185  95  69 255 247 220 212
255 255 255 255  26  69 212 255 255 212  69  26 255 255 255 255
255 255 255 255  26  69 212 255 255 212  69  26 255 255 255 255
212 220 247 255  69  95 185 212 212 185  95  69 255 247 220 212
 69 103 220 255 212 185  95  69  69  95 185 212 255 220 103  69
 26  69 212 255 255 212  69  26  26  69 212 255 255 212  69  26
255 255 255 255 255 255 255 255 255 255 255 255 255 255 255 255
255 255 255 255 212 220 247 255 255 247 220 212 255 255 255 255
255 255 255 255  69 103 220 255 255 220 103  69 255 255 255 255
255 255 255 255  26  69 212 255 255 212  69  26 255 255 255 255
255 255 255 255  19  63 211 255 255 211  63  19 255 255 255 255
255 255 255 255  63  99 219 255 255 219  99  63 255 255 255 255
255 255 255 255 211 219 247 255 255 247 219 211 255 255 255 255
255 255 255 255 255 255 255 255 255 255 255 255 255 255 255 255
 19  63 211 255 255 211  63  19  19  63 211 255 255 211  63  19
 63  99 219 255 211 183  91  63  63  91 183 211 255 219  99  63
211 219 247 255  63  91 183 211 211 183  91  63 255 247 219 211
255 255 255 255  19  63 211 255 255 211  63  19 255 255 255 255
255 255 255 255  19  63 211 255 255 211  63  19 255 255 255 255
211 219 247 255  63  91 183 211 211 183  91  63 255 247 219 211
 63  99 219 255 211 183  91  63  63  91 183 211 255 219  99  63
 19  63 211 255 255 211  63  19  19  63 211 255 255 211  63  19
255 255 255 255 255 255 255 255 255 255 255 255 255 255 255 255
255 255 255 255 211 219 247 255 255 247 219 211 255 255 255 255
255 255 255 255  63  99 219 255 255 219  99  63 255 255 255 255
255 255 255 255  19  63 211 255 255 211  63  19 255 255 255 255
255 255 255 255  20  64 211 255 255 211  64  20 255 255 255 255
255 255 255 255  64 100 219 255 255 219 100  64 255 255 255 255
255 255 255 255 211 219 247 255 255 247 219 211 255 255 255 255
255 255 255 255 255 255 255 255 255 255 255 255 255 255 255 255
 20  64 211 255 255 211  64  20  20  64 211 255 255 211  64  20
 64 100 219 255 211 183  91  64  64  91 183 211 255 219 100  64
211 219 247 255  64  91 183 211 211 183  91  64 255 247 219 211
255 255 255 255  20  64 211 255 255 211  64  20 255 255 255 255
255 255 255 255  20  64 211 255 255 211  64  20 255 255 255 255
211 219 247 255  64  91 183 211 211 183  91  64 255 247 219 211
 64 100 219 255 211 183  91  64  64  91 183 211 255 219 100  64
 20  64 211 255 255 211  64  20  20  64 211 255 255 211  64  20
255 255 255 255 255 255 255 255 255 255 255 255 255 255 255 255
255 255 255 255 211 219 247 255 255 247 219 211 255 255 255 255
255 255 255 255  64 100 219 255 255 219 100  64 255 255 255 255
255 255 255 255  20  64 211 255 255 211  64  20 255 255 255 255
