 26  68 211 255 255 211  68  26 255 255 255 255  26  68 211 255
 68  95 184 211 255 219 103  68 255 246 219 211  68 103 219 255
211 184  95  68 255 246 219 211 255 219 103  68 211 219 246 255
255 211  68  26 255 255 255 255 255 211  68  26 255 255 255 255
255 255 255 255 255 211  68  26  26  68 211 255 255 211  68  26
211 219 246 255 211 176  60  26  26  60 176 211 255 219 103  68
 68 103 219 255  68  60  34  26  26  34  60  68 255 246 219 211
 26  68 211 255  26  26  26  26  26  26  26  26 255 255 255 255
255 255 255 255  26  26  26  26  26  26  26  26 255 255 255 255
255 246 219 211  68  60  34  26  26  34  60  68 255 246 219 211
255 219 103  68 211 176  60  26  26  60 176 211 255 219 103  68
255 211  68  26 255 211  68  26  26  68 211 255 255 211  68  26
 26  68 211 255 255 255 255 255 255 211  68  26 255 255 255 255
 68 103 219 255 255 246 219 211 255 219 103  68 211 219 246 255
211 219 246 255 255 219 103  68 255 246 219 211  68 103 219 255
255 255 255 255 255 211  68  26 255 255 255 255  26  68 211 255
 19  63 210 255 255 210  63  19 255 255 255 255  19  63 210 255
 63  90 183 210 255 219  99  63 255 246 219 210  63  99 219 255
210 183  90  63 255 246 219 210 255 219  99  63 210 219 246 255
255 210  63  19 255 255 255 255 255 210  63  19 255 255 255 255
255 255 255 255 255 210  63  19  19  63 210 255 255 210  63  19
210 219 246 255 210 174  54  19  19  54 174 210 255 219  99  63
 63  99 219 255  63  54  27  19  19  27  54  63 255 246 219 210
 19  63 210 255  19  19  19  19  19  19  19  19 255 255 255 255
255 255 255 255  19  19  19  19  19  19  19  19 255 255 255 255
255 246 219 210  63  54  27  19  19  27  54  63 255 246 219 210
255 219  99  63 210 174  54  19  19  54 174 210 255 219  99  63
255 210  63  19 255 210  63  19  19  63 210 255 255 210  63  19
 19  63 210 255 255 255 255 255 255 210  63  19 255 255 255 255
 63  99 219 255 255 246 219 210 255 219  99  63 210 219 246 255
210 219 246 255 255 219  99  63 255 246 219 210  63  99 219 255
255 255 255 255 255 210  63  19 255 255 255 255  19  63 210 255
 20  63 210 255 255 210  63  20 255 255 255 255  20  63 210 255
 63  91 183 210 255 219  99  63 255 246 219 210  63  99 219 255
210 183  91  63 255 246 219 210 255 219  99  63 210 219 246 255
255 210  63  20 255 255 255 255 255 210  63  20 255 255 255 255
255 255 255 255 255 210  63  20  20  63 210 255 255 210  63  20
210 219 246 255 210 174  55  20  20  55 174 210 255 219  99  63
 63  99 219 255  63  55  28  20  20  28  55  63 255 246 219 210
 20  63 210 255  20  20  20  20  20  20  20  20 255 255 255 255
255 255 255 255  20  20  20  20  20  20  20  20 255 255 255 255
255 246 219 210  63  55  28  20  20  28  55  63 255 246 219 210
255 219  99  63 210 174  55  20  20  55 174 210 255 219  99  63
255 210  63  20 255 210  63  20  20  63 210 255 255 210  63  20
 20  63 210 255 255 255 255 255 255 210  63  20 255 255 255 255
 63  99 219 255 255 246 219 210 255 219  99  63 210 219 246 255
210 219 246 255 255 219  99  63 255 246 219 210  63  99 219 255
255 255 255 255 255 210  63  20 255 255 255 255  20  63 210 255

255 255 255 255  26  69 212 255 255 212  69  26 255 255 255 255
212 220 247 255  69 103 220 255 255 220 103  69 255 247 220 212
 69 103 220 255 212 220 247 255 255 247 220 212 255 220 103  69
 26  69 212 255 255 255 255 255 255 255 255 255 255 212  69  26
255 212  69  26 255 212  69  26  26  69 212 255  26  69 212 255
255 220 103  69 212 177  61  26  26  61 177 212  69 103 220 255
255 247 220 212  69  61  34  26  26  34  61  69 212 220 247 255
255 255 255 255  26  26  26  26  26  26  26  26 255 255 255 255
 26  69 212 255  26  26  26  26  26  26  26  26 255 212  69  26
 69 103 220 255  69  61  34  26  26  34  61  69 255 220 103  69
212 220 247 255 212 177  61  26  26  61 177 212 255 247 220 212
255 255 255 255 255 212  69  26  26  69 212 255 255 255 255 255
255 212  69  26 255 255 255 255 255 212  69  26 255 255 255 255
212 185  95  69 255 247 220 212 255 220 103  69 212 220 247 255
 69  95 185 212 255 220 103  69 255 247 220 212  69 103 220 255
 26  69 212 255 255 212  69  26 255 255 255 255  26  69 212 255
255 255 255 255  19  63 211 255 255 211  63  19 255 255 255 255
211 219 247 255  63  99 219 255 255 219  99  63 255 247 219 211
 63  99 219 255 211 219 247 255 255 247 219 211 255 219  99  63
 19  63 211 255 255 255 255 255 255 255 255 255 255 211  63  19
255 211  63  19 255 211  63  19  19  63 211 255  19  63 211 255
255 219  99  63 211 175  55  19  19  55 175 211  63  99 219 255
255 247 219 211  63  55  27  19  19  27  55  63 211 219 247 255
255 255 255 255  19  19  19  19  19  19  19  19 255 255 255 255
 19  63 211 255  19  19  19  19  19  19  19  19 255 211  63  19
 63  99 219 255  63  55  27  19  19  27  55  63 255 219  99  63
211 219 247 255 211 175  55  19  19  55 175 211 255 247 219 211
255 255 255 255 255 211  63  19  19  63 211 255 255 255 255 255
255 211  63  19 255 255 255 255 255 211  63  19 255 255 255 255
211 183  91  63 255 247 219 211 255 219  99  63 211 219 247 255
 63  91 183 211 255 219  99  63 255 247 219 211  63  99 219 255
 19  63 211 255 255 211  63  19 255 255 255 255  19  63 211 255
255 255 255 255  20  64 211 255 255 211  64  20 255 255 255 255
211 219 247 255  64 100 219 255 255 219 100  64 255 247 219 211
 64 100 219 255 211 219 247 255 255 247 219 211 255 219 100  64
 20  64 211 255 255 255 255 255 255 255 255 255 255 211  64  20
255 211  64  20 255 211  64  20  20  64 211 255  20  64 211 255
255 219 100  64 211 175  56  20  20  56 175 211  64 100 219 255
255 247 219 211  64  56  28  20  20  28  56  64 211 219 247 255
255 255 255 255  20  20  20  20  20  20  20  20 255 255 255 255
 20  64 211 255  20  20  20  20  20  20  20  20 255 211  64  20
 64 100 219 255  64  56  28  20  20  28  56  64 255 219 100  64
211 219 247 255 211 175  56  20  20  56 175 211 255 247 219 211
255 255 255 255 255 211  64  20  20  64 211 255 255 255 255 255
255 211  64  20 255 255 255 255 255 211  64  20 255 255 255 255
211 183  91  64 255 247 219 211 255 219 100  64 211 219 247 255
 64  91 183 211 255 219 100  64 255 247 219 211  64 100 219 255
 20  64 211 255 255 211  64  20 255 255 255 255  20  64 211 255

255 211  68  26 255 255 255 255  26  68 211 255 255 255 255 255
255 219 103  68 211 219 246 255  68 103 219 255 255 246 219 211
255 246 219 211  68 103 219 255 211 219 246 255 255 219 103  68
255 255 255 255  26  68 211 255 255 255 255 255 255 211  68  26
 26  68 211 255 255 211  68  26  26  68 211 255  26  68 211 255
 68 103 219 255 211 176  60  26  26  60 176 211  68 103 219 255
211 219 246 255  68  60  34  26  26  34  60  68 211 219 246 255
255 255 255 255  26  26  26  26  26  26  26  26 255 255 255 255
255 255 255 255  26  26  26  26  26  26  26  26 255 211  68  26
211 219 246 255  68  60  34  26  26  34  60  68 255 219 103  68
 68 103 219 255 211 176  60  26  26  60 176 211 255 246 219 211
 26  68 211 255 255 211  68  26  26  68 211 255 255 255 255 255
255 255 255 255  26  68 211 255 255 255 255 255  26  68 211 255
255 246 219 211  68 103 219 255 211 219 246 255  68  95 184 211
255 219 103  68 211 219 246 255  68 103 219 255 211 184  95  68
255 211  68  26 255 255 255 255  26  68 211 255 255 211  68  26
255 210  63  19 255 255 255 255  19  63 210 255 255 255 255 255
255 219  99  63 210 219 246 255  63  99 219 255 255 246 219 210
255 246 219 210  63  99 219 255 210 219 246 255 255 219  99  63
255 255 255 255  19  63 210 255 255 255 255 255 255 210  63  19
 19  63 210 255 255 210  63  19  19  63 210 255  19  63 210 255
 63  99 219 255 210 174  54  19  19  54 174 210  63  99 219 255
210 219 246 255  63  54  27  19  19  27  54  63 210 219 246 255
255 255 255 255  19  19  19  19  19  19  19  19 255 255 255 255
255 255 255 255  19  19  19  19  19  19  19  19 255 210  63  19
210 219 246 255  63  54  27  19  19  27  54  63 255 219  99  63
 63  99 219 255 210 174  54  19  19  54 174 210 255 246 219 210
 19  63 210 255 255 210  63  19  19  63 210 255 255 255 255 255
255 255 255 255  19  63 210 255 255 255 255 255  19  63 210 255
255 246 219 210  63  99 219 255 210 219 246 255  63  90 183 210
255 219  99  63 210 219 246 255  63  99 219 255 210 183  90  63
255 210  63  19 255 255 255 255  19  63 210 255 255 210  63  19
255 210  63  20 255 255 255 255  20  63 210 255 255 255 255 255
255 219  99  63 210 219 246 255  63  99 219 255 255 246 219 210
255 246 219 210  63  99 219 255 210 219 246 255 255 219  99  63
255 255 255 255  20  63 210 255 255 255 255 255 255 210  63  20
 20  63 210 255 255 210  63  20  20  63 210 255  20  63 210 255
 63  99 219 255 210 174  55  20  20  55 174 210  63  99 219 255
210 219 246 255  63  55  28  20  20  28  55  63 210 219 246 255
255 255 255 255  20  20  20  20  20  20  20  20 255 255 255 255
255 255 255 255  20  20  20  20  20  20  20  20 255 210  63  20
210 219 246 255  63  55  28  20  20  28  55  63 255 219  99  63
 63  99 219 255 210 174  55  20  20  55 174 210 255 246 219 210
 20  63 210 255 255 210  63  20  20  63 210 255 255 255 255 255
255 255 255 255  20  63 210 255 255 255 255 255  20  63 210 255
255 246 219 210  63  99 219 255 210 219 246 255  63  91 183 210
255 219  99  63 210 219 246 255  63  99 219 255 210 183  91  63
255 210  63  20 255 255 255 255  20  63 210 255 255 210  63  20

255 212  69  26 255 255 255 255  26  69 212 255 255 212  69  26
255 220 103  69 212 220 247 255  69 103 220 255 212 185  95  69
255 247 220 212  69 103 220 255 212 220 247 255  69  95 185 212
255 255 255 255  26  69 212 255 255 255 255 255  26  69 212 255
255 255 255 255 255 212  69  26  26  69 212 255 255 255 255 255
212 220 247 255 212 177  61  26  26  61 177 212 255 247 220 212
 69 103 220 255  69  61  34  26  26  34  61  69 255 220 103  69
 26  69 212 255  26  26  26  26  26  26  26  26 255 212  69  26
255 255 255 255  26  26  26  26  26  26  26  26 255 255 255 255
255 247 220 212  69  61  34  26  26  34  61  69 212 220 247 255
255 220 103  69 212 177  61  26  26  61 177 212  69 103 220 255
255 212  69  26 255 212  69  26  26  69 212 255  26  69 212 255
 26  69 212 255 255 255 255 255 255 255 255 255 255 212  69  26
 69 103 220 255 212 220 247 255 255 247 220 212 255 220 103  69
212 220 247 255  69 103 220 255 255 220 103  69 255 247 220 212
255 255 255 255  26  69 212 255 255 212  69  26 255 255 255 255
255 211  63  19 255 255 255 255  19  63 211 255 255 211  63  19
255 219  99  63 211 219 247 255  63  99 219 255 211 183  91  63
255 247 219 211  63  99 219 255 211 219 247 255  63  91 183 211
255 255 255 255  19  63 211 255 255 255 255 255  19  63 211 255
255 255 255 255 255 211  63  19  19  63 211 255 255 255 255 255
211 219 247 255 211 175  55  19  19  55 175 211 255 247 219 211
 63  99 219 255  63  55  27  19  19  27  55  63 255 219  99  63
 19  63 211 255  19  19  19  19  19  19  19  19 255 211  63  19
255 255 255 255  19  19  19  19  19  19  19  19 255 255 255 255
255 247 219 211  63  55  27  19  19  27  55  63 211 219 247 255
255 219  99  63 211 175  55  19  19  55 175 211  63  99 219 255
255 211  63  19 255 211  63  19  19  63 211 255  19  63 211 255
 19  63 211 255 255 255 255 255 255 255 255 255 255 211  63  19
 63  99 219 255 211 219 247 255 255 247 219 211 255 219  99  63
211 219 247 255  63  99 219 255 255 219  99  63 255 247 219 211
255 255 255 255  19  63 211 255 255 211  63  19 255 255 255 255
255 211  64  20 255 255 255 255  20  64 211 255 255 211  64  20
255 219 100  64 211 219 247 255  64 100 219 255 211 183  91  64
255 247 219 211  64 100 219 255 211 219 247 255  64  91 183 211
255 255 255 255  20  64 211 255 255 255 255 255  20  64 211 255
255 255 255 255 255 211  64  20  20  64 211 255 255 255 255 255
211 219 247 255 211 175  56  20  20  56 175 211 255 247 219 211
 64 100 219 255  64  56  28  20  20  28  56  64 255 219 100  64
 20  64 211 255  20  20  20  20  20  20  20  20 255 211  64  20
255 255 255 255  20  20  20  20  20  20  20  20 255 255 255 255
255 247 219 211  64  56  28  20  20  28  56  64 211 219 247 255
255 219 100  64 211 175  56  20  20  56 175 211  64 100 219 255
255 211  64  20 255 211  64  20  20  64 211 255  20  64 211 255
 20  64 211 255 255 255 255 255 255 255 255 255 255 211  64  20
 64 100 219 255 211 219 247 255 255 247 219 211 255 219 100  64
211 219 247 255  64 100 219 255 255 219 100  64 255 247 219 211
255 255 255 255  20  64 211 255 255 211  64  20 255 255 255 255
