 26  26  26  26 255 211  68  26  26  68 211 255  26  26  26  26
 26  26  26  26 211 184  95  68  68  95 184 211  26  26  26  26
 26  26  26  26  68  95 184 211 211 184  95  68  26  26  26  26
 26  26  26  26  26  68 211 255 255 211  68  26  26  26  26  26
255 211  68  26 255 211  68  26  26  68 211 255  26  68 211 255
211 184  95  68 211 184  95  68  68  95 184 211  68  95 184 211
 68  95 184 211  68  95 184 211 211 184  95  68 211 184  95  68
 26  68 211 255  26  68 211 255 255 211  68  26 255 211  68  26
 26  68 211 255  26  68 211 255 255 211  68  26 255 211  68  26
 68  95 184 211  68  95 184 211 211 184  95  68 211 184  95  68
211 184  95  68 211 184  95  68  68  95 184 211  68  95 184 211
255 211  68  26 255 211  68  26  26  68 211 255  26  68 211 255
 26  26  26  26  26  68 211 255 255 211  68  26  26  26  26  26
 26  26  26  26  68  95 184 211 211 184  95  68  26  26  26  26
 26  26  26  26 211 184  95  68  68  95 184 211  26  26  26  26
 26  26  26  26 255 211  68  26  26  68 211 255  26  26  26  26
 19  19  19  19 255 210  63  19  19  63 210 255  19  19  19  19
 19  19  19  19 210 183  90  63  63  90 183 210  19  19  19  19
 19  19  19  19  63  90 183 210 210 183  90  63  19  19  19  19
 19  19  19  19  19  63 210 255 255 210  63  19  19  19  19  19
255 210  63  19 255 210  63  19  19  63 210 255  19  63 210 255
210 183  90  63 210 183  90  63  63  90 183 210  63  90 183 210
 63  90 183 210  63  90 183 210 210 183  90  63 210 183  90  63
 19  63 210 255  19  63 210 255 255 210  63  19 255 210  63  19
 19  63 210 255  19  63 210 255 255 210  63  19 255 210  63  19
 63  90 183 210  63  90 183 210 210 183  90  63 210 183  90  63
210 183  90  63 210 183  90  63  63  90 183 210  63  90 183 210
255 210  63  19 255 210  63  19  19  63 210 255  19  63 210 255
 19  19  19  19  19  63 210 255 255 210  63  19  19  19  19  19
 19  19  19  19  63  90 183 210 210 183  90  63  19  19  19  19
 19  19  19  19 210 183  90  63  63  90 183 210  19  19  19  19
 19  19  19  19 255 210  63  19  19  63 210 255  19  19  19  19
 20  20  20  20 255 210  63  20  20  63 210 255  20  20  20  20
 20  20  20  20 210 183  91  63  63  91 183 210  20  20  20  20
 20  20  20  20  63  91 183 210 210 183  91  63  20  20  20  20
 20  20  20  20  20  63 210 255 255 210  63  20  20  20  20  20
255 210  63  20 255 210  63  20  20  63 210 255  20  63 210 255
210 183  91  63 210 183  91  63  63  91 183 210  63  91 183 210
 63  91 183 210  63  91 183 210 210 183  91  63 210 183  91  63
 20  63 210 255  20  63 210 255 255 210  63  20 255 210  63  20
 20  63 210 255  20  63 210 255 255 210  63  20 255 210  63  20
 63  91 183 210  63  91 183 210 210 183  91  63 210 183  91  63
210 183  91  63 210 183  91  63  63  91 183 210  63  91 183 210
255 210  63  20 255 210  63  20  20  63 210 255  20  63 210 255
 20  20  20  20  20  63 210 255 255 210  63  20  20  20  20  20
 20  20  20  20  63  91 183 210 210 183  91  63  20  20  20  20
 20  20  20  20 210 183  91  63  63  91 183 210  20  20  20  20
 20  20  20  20 255 210  63  20  20  63 210 255  20  20  20  20

 26  26  26  26 255 212  69  26  26  69 212 255  26  26  26  26
 26  26  26  26 212 185  95  69  69  95 185 212  26  26  26  26
 26  26  26  26  69  95 185 212 212 185  95  69  26  26  26  26
 26  26  26  26  26  69 212 255 255 212  69  26  26  26  26  26
255 212  69  26 255 212  69  26  26  69 212 255  26  69 212 255
212 185  95  69 212 185  95  69  69  95 185 212  69  95 185 212
 69  95 185 212  69  95 185 212 212 185  95  69 212 185  95  69
 26  69 212 255  26  69 212 255 255 212  69  26 255 212  69  26
 26  69 212 255  26  69 212 255 255 212  69  26 255 212  69  26
 69  95 185 212  69  95 185 212 212 185  95  69 212 185  95  69
212 185  95  69 212 185  95  69  69  95 185 212  69  95 185 212
255 212  69  26 255 212  69  26  26  69 212 255  26  69 212 255
 26  26  26  26  26  69 212 255 255 212  69  26  26  26  26  26
 26  26  26  26  69  95 185 212 212 185  95  69  26  26  26  26
 26  26  26  26 212 185  95  69  69  95 185 212  26  26  26  26
 26  26  26  26 255 212  69  26  26  69 212 255  26  26  26  26
 19  19  19  19 255 211  63  19  19  63 211 255  19  19  19  19
 19  19  19  19 211 183  91  63  63  91 183 211  19  19  19  19
 19  19  19  19  63  91 183 211 211 183  91  63  19  19  19  19
 19  19  19  19  19  63 211 255 255 211  63  19  19  19  19  19
255 211  63  19 255 211  63  19  19  63 211 255  19  63 211 255
211 183  91  63 211 183  91  63  63  91 183 211  63  91 183 211
 63  91 183 211  63  91 183 211 211 183  91  63 211 183  91  63
 19  63 211 255  19  63 211 255 255 211  63  19 255 211  63  19
 19  63 211 255  19  63 211 255 255 211  63  19 255 211  63  19
 63  91 183 211  63  91 183 211 211 183  91  63 211 183  91  63
211 183  91  63 211 183  91  63  63  91 183 211  63  91 183 211
255 211  63  19 255 211  63  19  19  63 211 255  19  63 211 255
 19  19  19  19  19  63 211 255 255 211  63  19  19  19  19  19
 19  19  19  19  63  91 183 211 211 183  91  63  19  19  19  19
 19  19  19  19 211 183  91  63  63  91 183 211  19  19  19  19
 19  19  19  19 255 211  63  19  19  63 211 255  19  19  19  19
 20  20  20  20 255 211  64  20  20  64 211 255  20  20  20  20
 20  20  20  20 211 183  91  64  64  91 183 211  20  20  20  20
 20  20  20  20  64  91 183 211 211 183  91  64  20  20  20  20
 20  20  20  20  20  64 211 255 255 211  64  20  20  20  20  20
255 211  64  20 255 211  64  20  20  64 211 255  20  64 211 255
211 183  91  64 211 183  91  64  64  91 183 211  64  91 183 211
 64  91 183 211  64  91 183 211 211 183  91  64 211 183  91  64
 20  64 211 255  20  64 211 255 255 211  64  20 255 211  64  20
 20  64 211 255  20  64 211 255 255 211  64  20 255 211  64  20
 64  91 183 211  64  91 183 211 211 183  91  64 211 183  91  64
211 183  91  64 211 183  91  64  64  91 183 211  64  91 183 211
255 211  64  20 255 211  64  20  20  64 211 255  20  64 211 255
 20  20  20  20  20  64 211 255 255 211  64  20  20  20  20  20
 20  20  20  20  64  91 183 211 211 183  91  64  20  20  20  20
 20  20  20  20 211 183  91  64  64  91 183 211  20  20  20  20
 20  20  20  20 255 211  64  20  20  64 211 255  20  20  20  20

 26  26  26  26 255 211  68  26  26  68 211 255  26  26  26  26
 26  26  26  26 211 184  95  68  68  95 184 211  26  26  26  26
 26  26  26  26  68  95 184 211 211 184  95  68  26  26  26  26
 26  26  26  26  26  68 211 255 255 211  68  26  26  26  26  26
255 211  68  26 255 211  68  26  26  68 211 255  26  68 211 255
211 184  95  68 211 184  95  68  68  95 184 211  68  95 184 211
 68  95 184 211  68  95 184 211 211 184  95  68 211 184  95  68
 26  68 211 255  26  68 211 255 255 211  68  26 255 211  68  26
 26  68 211 255  26  68 211 255 255 211  68  26 255 211  68  26
 68  95 184 211  68  95 184 211 211 184  95  68 211 184  95  68
211 184  95  68 211 184  95  68  68  95 184 211  68  95 184 211
255 211  68  26 255 211  68  26  26  68 211 255  26  68 211 255
 26  26  26  26  26  68 211 255 255 211  68  26  26  26  26  26
 26  26  26  26  68  95 184 211 211 184  95  68  26  26  26  26
 26  26  26  26 211 184  95  68  68  95 184 211  26  26  26  26
 26  26  26  26 255 211  68  26  26  68 211 255  26  26  26  26
 19  19  19  19 255 210  63  19  19  63 210 255  19  19  19  19
 19  19  19  19 210 183  90  63  63  90 183 210  19  19  19  19
 19  19  19  19  63  90 183 210 210 183  90  63  19  19  19  19
 19  19  19  19  19  63 210 255 255 210  63  19  19  19  19  19
255 210  63  19 255 210  63  19  19  63 210 255  19  63 210 255
210 183  90  63 210 183  90  63  63  90 183 210  63  90 183 210
 63  90 183 210  63  90 183 210 210 183  90  63 210 183  90  63
 19  63 210 255  19  63 210 255 255 210  63  19 255 210  63  19
 19  63 210 255  19  63 210 255 255 210  63  19 255 210  63  19
 63  90 183 210  63  90 183 210 210 183  90  63 210 183  90  63
210 183  90  63 210 183  90  63  63  90 183 210  63  90 183 210
255 210  63  19 255 210  63  19  19  63 210 255  19  63 210 255
 19  19  19  19  19  63 210 255 255 210  63  19  19  19  19  19
 19  19  19  19  63  90 183 210 210 183  90  63  19  19  19  19
 19  19  19  19 210 183  90  63  63  90 183 210  19  19  19  19
 19  19  19  19 255 210  63  19  19  63 210 255  19  19  19  19
 20  20  20  20 255 210  63  20  20  63 210 255  20  20  20  20
 20  20  20  20 210 183  91  63  63  91 183 210  20  20  20  20
 20  20  20  20  63  91 183 210 210 183  91  63  20  20  20  20
 20  20  20  20  20  63 210 255 255 210  63  20  20  20  20  20
255 210  63  20 255 210  63  20  20  63 210 255  20  63 210 255
210 183  91  63 210 183  91  63  63  91 183 210  63  91 183 210
 63  91 183 210  63  91 183 210 210 183  91  63 210 183  91  63
 20  63 210 255  20  63 210 255 255 210  63  20 255 210  63  20
 20  63 210 255  20  63 210 255 255 210  63  20 255 210  63  20
 63  91 183 210  63  91 183 210 210 183  91  63 210 183  91  63
210 183  91  63 210 183  91  63  63  91 183 210  63  91 183 210
255 210  63  20 255 210  63  20  20  63 210 255  20  63 210 255
 20  20  20  20  20  63 210 255 255 210  63  20  20  20  20  20
 20  20  20  20  63  91 183 210 210 183  91  63  20  20  20  20
 20  20  20  20 210 183  91  63  63  91 183 210  20  20  20  20
 20  20  20  20 255 210  63  20  20  63 210 255  20  20  20  20

 26  26  26  26 255 212  69  26  26  69 212 255  26  26  26  26
 26  26  26  26 212 185  95  69  69  95 185 212  26  26  26  26
 26  26  26  26  69  95 185 212 212 185  95  69  26  26  26  26
 26  26  26  26  26  69 212 255 255 212  69  26  26  26  26  26
255 212  69  26 255 212  69  26  26  69 212 255  26  69 212 255
212 185  95  69 212 185  95  69  69  95 185 212  69  95 185 212
 69  95 185 212  69  95 185 212 212 185  95  69 212 185  95  69
 26  69 212 255  26  69 212 255 255 212  69  26 255 212  69  26
 26  69 212 255  26  69 212 255 255 212  69  26 255 212  69  26
 69  95 185 212  69  95 185 212 212 185  95  69 212 185  95  69
212 185  95  69 212 185  95  69  69  95 185 212  69  95 185 212
255 212  69  26 255 212  69  26  26  69 212 255  26  69 212 255
 26  26  26  26  26  69 212 255 255 212  69  26  26  26  26  26
 26  26  26  26  69  95 185 212 212 185  95  69  26  26  26  26
 26  26  26  26 212 185  95  69  69  95 185 212  26  26  26  26
 26  26  26  26 255 212  69  26  26  69 212 255  26  26  26  26
 19  19  19  19 255 211  63  19  19  63 211 255  19  19  19  19
 19  19  19  19 211 183  91  63  63  91 183 211  19  19  19  19
 19  19  19  19  63  91 183 211 211 183  91  63  19  19  19  19
 19  19  19  19  19  63 211 255 255 211  63  19  19  19  19  19
255 211  63  19 255 211  63  19  19  63 211 255  19  63 211 255
211 183  91  63 211 183  91  63  63  91 183 211  63  91 183 211
 63  91 183 211  63  91 183 211 211 183  91  63 211 183  91  63
 19  63 211 255  19  63 211 255 255 211  63  19 255 211  63  19
 19  63 211 255  19  63 211 255 255 211  63  19 255 211  63  19
 63  91 183 211  63  91 183 211 211 183  91  63 211 183  91  63
211 183  91  63 211 183  91  63  63  91 183 211  63  91 183 211
255 211  63  19 255 211  63  19  19  63 211 255  19  63 211 255
 19  19  19  19  19  63 211 255 255 211  63  19  19  19  19  19
 19  19  19  19  63  91 183 211 211 183  91  63  19  19  19  19
 19  19  19  19 211 183  91  63  63  91 183 211  19  19  19  19
 19  19  19  19 255 211  63  19  19  63 211 255  19  19  19  19
 20  20  20  20 255 211  64  20  20  64 211 255  20  20  20  20
 20  20  20  20 211 183  91  64  64  91 183 211  20  20  20  20
 20  20  20  20  64  91 183 211 211 183  91  64  20  20  20  20
 20  20  20  20  20  64 211 255 255 211  64  20  20  20  20  20
255 211  64  20 255 211  64  20  20  64 211 255  20  64 211 255
211 183  91  64 211 183  91  64  64  91 183 211  64  91 183 211
 64  91 183 211  64  91 183 211 211 183  91  64 211 183  91  64
 20  64 211 255  20  64 211 255 255 211  64  20 255 211  64  20
 20  64 211 255  20  64 211 255 255 211  64  20 255 211  64  20
 64  91 183 211  64  91 183 211 211 183  91  64 211 183  91  64
211 183  91  64 211 183  91  64  64  91 183 211  64  91 183 211
255 211  64  20 255 211  64  20  20  64 211 255  20  64 211 255
 20  20  20  20  20  64 211 255 255 211  64  20  20  20  20  20
 20  20  20  20  64  91 183 211 211 183  91  64  20  20  20  20
 20  20  20  20 211 183  91  64  64  91 183 211  20  20  20  20
 20  20  20  20 255 211  64  20  20  64 211 255  20  20  20  20
