255 255 255 255 255 255 255 255 255 255   0   0   0   0 255 255
255 255 255 255 255 255 255 255 255 255   0   0   0   0 255 255
255 255 255 255 255 255 255 255   0   0 255 255   0   0   0   0
255 255 255 255 255 255 255 255   0   0 255 255   0   0   0   0
255 255 255 255 255 255   0   0 255 255 255 255 255 255   0   0
255 255 255 255 255 255   0   0 255 255 255 255 255 255   0   0
255 255 255 255   0   0 255 255 255 255 255 255   0   0   0   0
255 255 255 255   0   0 255 255 255 255 255 255   0   0   0   0
255 255 255 255   0   0 255 255 255 255   0   0   0   0 255 255
255 255 255 255   0   0 255 255 255 255   0   0   0   0 255 255
255 255   0   0 255 255   0   0   0   0   0   0 255 255 255 255
255 255   0   0 255 255   0   0   0   0   0   0 255 255 255 255
  0   0 255 255   0   0   0   0 255 255 255 255 255 255 255 255
  0   0 255 255   0   0   0   0 255 255 255 255 255 255 255 255
  0   0   0   0   0   0 255 255 255 255 255 255 255 255 255 255
  0   0   0   0   0   0 255 255 255 255 255 255 255 255 255 255
255 255 255 255 255 255 255 255 255 255   0   0   0   0 255 255
255 255 255 255 255 255 255 255 255 255   0   0   0   0 255 255
255 255 255 255 255 255 255 255   0   0 255 255   0   0   0   0
255 255 255 255 255 255 255 255   0   0 255 255   0   0   0   0
255 255 255 255 255 255   0   0 255 255 255 255 255 255   0   0
255 255 255 255 255 255   0   0 255 255 255 255 255 255   0   0
255 255 255 255   0   0 255 255 255 255 255 255   0   0   0   0
255 255 255 255   0   0 255 255 255 255 255 255   0   0   0   0
255 255 255 255   0   0 255 255 255 255   0   0   0   0 255 255
255 255 255 255   0   0 255 255 255 255   0   0   0   0 255 255
255 255   0   0 255 255   0   0   0   0   0   0 255 255 255 255
255 255   0   0 255 255   0   0   0   0   0   0 255 255 255 255
  0   0 255 255   0   0   0   0 255 255 255 255 255 255 255 255
  0   0 255 255   0   0   0   0 255 255 255 255 255 255 255 255
  0   0   0   0   0   0 255 255 255 255 255 255 255 255 255 255
  0   0   0   0   0   0 255 255 255 255 255 255 255 255 255 255
255 255 255 255 255 255 255 255 255 255 129 129 129 129 255 255
255 255 255 255 255 255 255 255 255 255 129 129 129 129 255 255
255 255 255 255 255 255 255 255 129 129 255 255 129 129 129 129
255 255 255 255 255 255 255 255 129 129 255 255 129 129 129 129
255 255 255 255 255 255 129 129 255 255 255 255 255 255 129 129
255 255 255 255 255 255 129 129 255 255 255 255 255 255 129 129
255 255 255 255 129 129 255 255 255 255 255 255 129 129 129 129
255 255 255 255 129 129 255 255 255 255 255 255 129 129 129 129
255 255 255 255 129 129 255 255 255 255 129 129 129 129 255 255
255 255 255 255 129 129 255 255 255 255 129 129 129 129 255 255
255 255 129 129 255 255 129 129 129 129 129 129 255 255 255 255
255 255 129 129 255 255 129 129 129 129 129 129 255 255 255 255
129 129 255 255 129 129 129 129 255 255 255 255 255 255 255 255
129 129 255 255 129 129 129 129 255 255 255 255 255 255 255 255
129 129 129 129 129 129 255 255 255 255 255 255 255 255 255 255
129 129 129 129 129 129 255 255 255 255 255 255 255 255 255 255

255 255   0   0   0   0   0   0 255 255 255 255 255 255 255 255
255 255   0   0   0   0   0   0 255 255 255 255 255 255 255 255
  0   0   0   0 255 255   0   0   0   0 255 255 255 255 255 255
  0   0   0   0 255 255   0   0   0   0 255 255 255 255 255 255
  0   0 255 255 255 255 255 255   0   0   0   0 255 255 255 255
  0   0 255 255 255 255 255 255   0   0   0   0 255 255 255 255
255 255   0   0 255 255 255 255 255 255   0   0 255 255 255 255
255 255   0   0 255 255 255 255 255 255   0   0 255 255 255 255
255 255 255 255   0   0 255 255 255 255   0   0   0   0 255 255
255 255 255 255   0   0 255 255 255 255   0   0   0   0 255 255
255 255 255 255 255 255   0   0   0   0 255 255   0   0   0   0
255 255 255 255 255 255   0   0   0   0 255 255   0   0   0   0
255 255 255 255 255 255 255 255 255 255   0   0 255 255   0   0
255 255 255 255 255 255 255 255 255 255   0   0 255 255   0   0
255 255 255 255 255 255 255 255 255 255 255 255   0   0   0   0
255 255 255 255 255 255 255 255 255 255 255 255   0   0   0   0
255 255   0   0   0   0   0   0 255 255 255 255 255 255 255 255
255 255   0   0   0   0   0   0 255 255 255 255 255 255 255 255
  0   0   0   0 255 255   0   0   0   0 255 255 255 255 255 255
  0   0   0   0 255 255   0   0   0   0 255 255 255 255 255 255
  0   0 255 255 255 255 255 255   0   0   0   0 255 255 255 255
  0   0 255 255 255 255 255 255   0   0   0   0 255 255 255 255
255 255   0   0 255 255 255 255 255 255   0   0 255 255 255 255
255 255   0   0 255 255 255 255 255 255   0   0 255 255 255 255
255 255 255 255   0   0 255 255 255 255   0   0   0   0 255 255
255 255 255 255   0   0 255 255 255 255   0   0   0   0 255 255
255 255 255 255 255 255   0   0   0   0 255 255   0   0   0   0
255 255 255 255 255 255   0   0   0   0 255 255   0   0   0   0
255 255 255 255 255 255 255 255 255 255   0   0 255 255   0   0
255 255 255 255 255 255 255 255 255 255   0   0 255 255   0   0
255 255 255 255 255 255 255 255 255 255 255 255   0   0   0   0
255 255 255 255 255 255 255 255 255 255 255 255   0   0   0   0
255 255 129 129 129 129 129 129 255 255 255 255 255 255 255 255
255 255 129 129 129 129 129 129 255 255 255 255 255 255 255 255
129 129 129 129 255 255 129 129 129 129 255 255 255 255 255 255
129 129 129 129 255 255 129 129 129 129 255 255 255 255 255 255
129 129 255 255 255 255 255 255 129 129 129 129 255 255 255 255
129 129 255 255 255 255 255 255 129 129 129 129 255 255 255 255
255 255 129 129 255 255 255 255 255 255 129 129 255 255 255 255
255 255 129 129 255 255 255 255 255 255 129 129 255 255 255 255
255 255 255 255 129 129 255 255 255 255 129 129 129 129 255 255
255 255 255 255 129 129 255 255 255 255 129 129 129 129 255 255
255 255 255 255 255 255 129 129 129 129 255 255 129 129 129 129
255 255 255 255 255 255 129 129 129 129 255 255 129 129 129 129
255 255 255 255 255 255 255 255 255 255 129 129 255 255 129 129
255 255 255 255 255 255 255 255 255 255 129 129 255 255 129 129
255 255 255 255 255 255 255 255 255 255 255 255 129 129 129 129
255 255 255 255 255 255 255 255 255 255 255 255 129 129 129 129

255 255 255 255 255 255 255 255 255 207  47   0   0   0   0   0
255 255 255 255 255 255 255 255 207 168  38   0  47  38   8   0
255 255 255 255 255 255 255 255  47  38   8   0 207 168  38   0
255 255 255 255 255 255 255 255   0   0   0   0 255 207  47   0
255 255 255 255   0   0   0   0   0  47 207 255   0  47 207 255
255 246 216 207   0   8  38  47  47  77 177 207  47  86 216 255
255 216  86  47   0  38 168 207 207 177  77  47 207 216 246 255
255 207  47   0   0  47 207 255 255 207  47   0 255 255 255 255
  0   0   0   0 255 255 255 255 255 207  47   0 255 255 255 255
  0   8  38  47 255 255 255 255 207 177  77  47 255 255 255 255
  0  38 168 207 255 255 255 255  47  77 177 207 255 255 255 255
  0  47 207 255 255 255 255 255   0  47 207 255 255 255 255 255
  0   0   0   0 255 207  47   0 255 255 255 255 255 255 255 255
 47  38   8   0 207 177  77  47 255 255 255 255 255 255 255 255
207 168  38   0  47  77 177 207 255 255 255 255 255 255 255 255
255 207  47   0   0  47 207 255 255 255 255 255 255 255 255 255
255 255 255 255 255 255 255 255 255 207  47   0   0   0   0   0
255 255 255 255 255 255 255 255 207 168  38   0  47  38   8   0
255 255 255 255 255 255 255 255  47  38   8   0 207 168  38   0
255 255 255 255 255 255 255 255   0   0   0   0 255 207  47   0
255 255 255 255   0   0   0   0   0  47 207 255   0  47 207 255
255 246 216 207   0   8  38  47  47  77 177 207  47  86 216 255
255 216  86  47   0  38 168 207 207 177  77  47 207 216 246 255
255 207  47   0   0  47 207 255 255 207  47   0 255 255 255 255
  0   0   0   0 255 255 255 255 255 207  47   0 255 255 255 255
  0   8  38  47 255 255 255 255 207 177  77  47 255 255 255 255
  0  38 168 207 255 255 255 255  47  77 177 207 255 255 255 255
  0  47 207 255 255 255 255 255   0  47 207 255 255 255 255 255
  0   0   0   0 255 207  47   0 255 255 255 255 255 255 255 255
 47  38   8   0 207 177  77  47 255 255 255 255 255 255 255 255
207 168  38   0  47  77 177 207 255 255 255 255 255 255 255 255
255 207  47   0   0  47 207 255 255 255 255 255 255 255 255 255
255 255 255 255 255 255 255 255 255 231 152 129 129 129 129 129
255 255 255 255 255 255 255 255 231 212 148 129 152 148 133 129
255 255 255 255 255 255 255 255 152 148 133 129 231 212 148 129
255 255 255 255 255 255 255 255 129 129 129 129 255 231 152 129
255 255 255 255 129 129 129 129 129 152 231 255 129 152 231 255
255 250 235 231 129 133 148 152 152 167 216 231 152 171 235 255
255 235 171 152 129 148 212 231 231 216 167 152 231 235 250 255
255 231 152 129 129 152 231 255 255 231 152 129 255 255 255 255
129 129 129 129 255 255 255 255 255 231 152 129 255 255 255 255
129 133 148 152 255 255 255 255 231 216 167 152 255 255 255 255
129 148 212 231 255 255 255 255 152 167 216 231 255 255 255 255
129 152 231 255 255 255 255 255 129 152 231 255 255 255 255 255
129 129 129 129 255 231 152 129 255 255 255 255 255 255 255 255
152 148 133 129 231 216 167 152 255 255 255 255 255 255 255 255
231 212 148 129 152 167 216 231 255 255 255 255 255 255 255 255
255 231 152 129 129 152 231 255 255 255 255 255 255 255 255 255

  0   0   0   0 255 255 255 255 255 255 255 255 255 255 255 255
  0   8  38  47 207 216 246 255 255 255 255 255 255 255 255 255
  0  38 168 207  47  86 216 255 255 255 255 255 255 255 255 255
  0  47 207 255   0  47 207 255 255 255 255 255 255 255 255 255
  0   0   0   0 255 207  47   0   0  47 207 255 255 255 255 255
 47  38   8   0 207 177  77  47  47  77 177 207 255 255 255 255
207 168  38   0  47  77 177 207 207 177  77  47 255 255 255 255
255 207  47   0   0  47 207 255 255 207  47   0 255 255 255 255
255 255 255 255   0  47 207 255 255 255 255 255   0  47 207 255
255 255 255 255   0  38 168 207 255 255 255 255  47  77 177 207
255 255 255 255   0   8  38  47 255 255 255 255 207 177  77  47
255 255 255 255   0   0   0   0 255 255 255 255 255 207  47   0
255 255 255 255 255 207  47   0   0  47 207 255   0   0   0   0
255 255 255 255 255 216  86  47   0  38 168 207   0   8  38  47
255 255 255 255 255 246 216 207   0   8  38  47   0  38 168 207
255 255 255 255 255 255 255 255   0   0   0   0   0  47 207 255
  0   0   0   0 255 255 255 255 255 255 255 255 255 255 255 255
  0   8  38  47 207 216 246 255 255 255 255 255 255 255 255 255
  0  38 168 207  47  86 216 255 255 255 255 255 255 255 255 255
  0  47 207 255   0  47 207 255 255 255 255 255 255 255 255 255
  0   0   0   0 255 207  47   0   0  47 207 255 255 255 255 255
 47  38   8   0 207 177  77  47  47  77 177 207 255 255 255 255
207 168  38   0  47  77 177 207 207 177  77  47 255 255 255 255
255 207  47   0   0  47 207 255 255 207  47   0 255 255 255 255
255 255 255 255   0  47 207 255 255 255 255 255   0  47 207 255
255 255 255 255   0  38 168 207 255 255 255 255  47  77 177 207
255 255 255 255   0   8  38  47 255 255 255 255 207 177  77  47
255 255 255 255   0   0   0   0 255 255 255 255 255 207  47   0
255 255 255 255 255 207  47   0   0  47 207 255   0   0   0   0
255 255 255 255 255 216  86  47   0  38 168 207   0   8  38  47
255 255 255 255 255 246 216 207   0   8  38  47   0  38 168 207
255 255 255 255 255 255 255 255   0   0   0   0   0  47 207 255
129 129 129 129 255 255 255 255 255 255 255 255 255 255 255 255
129 133 148 152 231 235 250 255 255 255 255 255 255 255 255 255
129 148 212 231 152 171 235 255 255 255 255 255 255 255 255 255
129 152 231 255 129 152 231 255 255 255 255 255 255 255 255 255
129 129 129 129 255 231 152 129 129 152 231 255 255 255 255 255
152 148 133 129 231 216 167 152 152 167 216 231 255 255 255 255
231 212 148 129 152 167 216 231 231 216 167 152 255 255 255 255
255 231 152 129 129 152 231 255 255 231 152 129 255 255 255 255
255 255 255 255 129 152 231 255 255 255 255 255 129 152 231 255
255 255 255 255 129 148 212 231 255 255 255 255 152 167 216 231
255 255 255 255 129 133 148 152 255 255 255 255 231 216 167 152
255 255 255 255 129 129 129 129 255 255 255 255 255 231 152 129
255 255 255 255 255 231 152 129 129 152 231 255 129 129 129 129
255 255 255 255 255 235 171 152 129 148 212 231 129 133 148 152
255 255 255 255 255 250 235 231 129 133 148 152 129 148 212 231
255 255 255 255 255 255 255 255 129 129 129 129 129 152 231 255
