255 255 255 255 255 255 255 255 255 255 255 255 255 255 255 255
255 255 255 255 255 246 216 207 255 255 255 255 255 255 255 255
255 255 255 255 255 216  87  48 255 255 255 255 255 255 255 255
255 255 255 255 255 207  48   0 255 255 255 255 255 255 255 255
255 255 255 255   0  48 207 255   0  48 207 255 255 255 255 255
255 246 216 207  48  87 216 255  48  78 178 207 255 255 255 255
255 216  87  48 207 216 246 255 207 178  78  48 255 255 255 255
255 207  48   0 255 255 255 255 255 207  48   0 255 255 255 255
255 255 255 255   0   0   0   0   0  48 207 255 255 255 255 255
255 246 216 207  48  48  48  48  48  78 178 207 255 255 255 255
255 216  87  48 207 207 207 207 207 178  78  48 255 255 255 255
255 207  48   0 255 255 255 255 255 207  48   0 255 255 255 255
255 255 255 255   0   0   0   0   0  48 207 255 255 255 255 255
255 255 255 255  48  48  48  48  48  87 216 255 255 255 255 255
255 255 255 255 207 207 207 207 207 216 246 255 255 255 255 255
255 255 255 255 255 255 255 255 255 255 255 255 255 255 255 255
255 255 255 255 255 255 255 255 255 255 255 255 255 255 255 255
255 255 255 255 255 246 216 207 255 255 255 255 255 255 255 255
255 255 255 255 255 216  87  48 255 255 255 255 255 255 255 255
255 255 255 255 255 207  48   0 255 255 255 255 255 255 255 255
255 255 255 255   0  48 207 255   0  48 207 255 255 255 255 255
255 246 216 207  48  87 216 255  48  78 178 207 255 255 255 255
255 216  87  48 207 216 246 255 207 178  78  48 255 255 255 255
255 207  48   0 255 255 255 255 255 207  48   0 255 255 255 255
255 255 255 255   0   0   0   0   0  48 207 255 255 255 255 255
255 246 216 207  48  48  48  48  48  78 178 207 255 255 255 255
255 216  87  48 207 207 207 207 207 178  78  48 255 255 255 255
255 207  48   0 255 255 255 255 255 207  48   0 255 255 255 255
255 255 255 255   0   0   0   0   0  48 207 255 255 255 255 255
255 255 255 255  48  48  48  48  48  87 216 255 255 255 255 255
255 255 255 255 207 207 207 207 207 216 246 255 255 255 255 255
255 255 255 255 255 255 255 255 255 255 255 255 255 255 255 255
255 255 255 255 255 255 255 255 255 255 255 255 255 255 255 255
255 255 255 255 255 251 236 231 255 255 255 255 255 255 255 255
255 255 255 255 255 236 172 153 255 255 255 255 255 255 255 255
255 255 255 255 255 231 153 129 255 255 255 255 255 255 255 255
255 255 255 255 129 153 231 255 129 153 231 255 255 255 255 255
255 251 236 231 153 172 236 255 153 167 217 231 255 255 255 255
255 236 172 153 231 236 251 255 231 217 167 153 255 255 255 255
255 231 153 129 255 255 255 255 255 231 153 129 255 255 255 255
255 255 255 255 129 129 129 129 129 153 231 255 255 255 255 255
255 251 236 231 153 153 153 153 153 167 217 231 255 255 255 255
255 236 172 153 231 231 231 231 231 217 167 153 255 255 255 255
255 231 153 129 255 255 255 255 255 231 153 129 255 255 255 255
255 255 255 255 129 129 129 129 129 153 231 255 255 255 255 255
255 255 255 255 153 153 153 153 153 172 236 255 255 255 255 255
255 255 255 255 231 231 231 231 231 236 251 255 255 255 255 255
255 255 255 255 255 255 255 255 255 255 255 255 255 255 255 255

255 255 255 255 255 255 255 255 255 255 255 255 255 255 255 255
255 255 255 255 255 255 255 255 255 255 255 255 255 255 255 255
255 255 255 255 255 255 255 255 255 255 255 255 255 255 255 255
255 255 255 255 255 255 255 255 255 255 255 255 255 255 255 255
255 255 255 255 255 207  48   0 255 207  48   0 255 255 255 255
255 255 255 255 207 178  78  48 207 178  78  48 207 216 246 255
255 255 255 255  48  78 178 207  48  78 178 207  48  87 216 255
255 255 255 255   0  48 207 255   0  48 207 255   0  48 207 255
255 207  48   0 255 255 255 255   0  48 207 255   0  48 207 255
255 216  87  48 207 216 246 255   0  48 207 255   0  48 207 255
255 246 216 207  48  87 216 255   0  48 207 255   0  48 207 255
255 255 255 255   0  48 207 255   0  48 207 255   0  48 207 255
255 255 255 255 255 207  48   0 255 207  48   0 255 255 255 255
255 255 255 255 255 216  87  48 255 216  87  48 255 255 255 255
255 255 255 255 255 246 216 207 255 246 216 207 255 255 255 255
255 255 255 255 255 255 255 255 255 255 255 255 255 255 255 255
255 255 255 255 255 255 255 255 255 255 255 255 255 255 255 255
255 255 255 255 255 255 255 255 255 255 255 255 255 255 255 255
255 255 255 255 255 255 255 255 255 255 255 255 255 255 255 255
255 255 255 255 255 255 255 255 255 255 255 255 255 255 255 255
255 255 255 255 255 207  48   0 255 207  48   0 255 255 255 255
255 255 255 255 207 178  78  48 207 178  78  48 207 216 246 255
255 255 255 255  48  78 178 207  48  78 178 207  48  87 216 255
255 255 255 255   0  48 207 255   0  48 207 255   0  48 207 255
255 207  48   0 255 255 255 255   0  48 207 255   0  48 207 255
255 216  87  48 207 216 246 255   0  48 207 255   0  48 207 255
255 246 216 207  48  87 216 255   0  48 207 255   0  48 207 255
255 255 255 255   0  48 207 255   0  48 207 255   0  48 207 255
255 255 255 255 255 207  48   0 255 207  48   0 255 255 255 255
255 255 255 255 255 216  87  48 255 216  87  48 255 255 255 255
255 255 255 255 255 246 216 207 255 246 216 207 255 255 255 255
255 255 255 255 255 255 255 255 255 255 255 255 255 255 255 255
255 255 255 255 255 255 255 255 255 255 255 255 255 255 255 255
255 255 255 255 255 255 255 255 255 255 255 255 255 255 255 255
255 255 255 255 255 255 255 255 255 255 255 255 255 255 255 255
255 255 255 255 255 255 255 255 255 255 255 255 255 255 255 255
255 255 255 255 255 231 153 129 255 231 153 129 255 255 255 255
255 255 255 255 231 217 167 153 231 217 167 153 231 236 251 255
255 255 255 255 153 167 217 231 153 167 217 231 153 172 236 255
255 255 255 255 129 153 231 255 129 153 231 255 129 153 231 255
255 231 153 129 255 255 255 255 129 153 231 255 129 153 231 255
255 236 172 153 231 236 251 255 129 153 231 255 129 153 231 255
255 251 236 231 153 172 236 255 129 153 231 255 129 153 231 255
255 255 255 255 129 153 231 255 129 153 231 255 129 153 231 255
255 255 255 255 255 231 153 129 255 231 153 129 255 255 255 255
255 255 255 255 255 236 172 153 255 236 172 153 255 255 255 255
255 255 255 255 255 251 236 231 255 251 236 231 255 255 255 255
255 255 255 255 255 255 255 255 255 255 255 255 255 255 255 255

255 255 255 255 255 255 255 255 255 255 255 255 255 255 255 255
255 255 255 255 255 246 216 207 207 207 207 207 255 255 255 255
255 255 255 255 255 216  86  47  47  47  47  47 255 255 255 255
255 255 255 255 255 207  47   0   0   0   0   0 255 255 255 255
255 255 255 255   0  47 207 255 255 255 255 255   0  47 207 255
255 255 255 255  47  77 177 207 207 207 207 207  47  86 216 255
255 255 255 255 207 177  77  47  47  47  47  47 207 216 246 255
255 255 255 255 255 207  47   0   0   0   0   0 255 255 255 255
255 255 255 255   0  47 207 255 255 255 255 255   0  47 207 255
255 255 255 255  47  77 177 207 255 246 216 207  47  86 216 255
255 255 255 255 207 177  77  47 255 216  86  47 207 216 246 255
255 255 255 255 255 207  47   0 255 207  47   0 255 255 255 255
255 255 255 255 255 255 255 255   0  47 207 255 255 255 255 255
255 255 255 255 255 255 255 255  47  86 216 255 255 255 255 255
255 255 255 255 255 255 255 255 207 216 246 255 255 255 255 255
255 255 255 255 255 255 255 255 255 255 255 255 255 255 255 255
255 255 255 255 255 255 255 255 255 255 255 255 255 255 255 255
255 255 255 255 255 246 216 207 207 207 207 207 255 255 255 255
255 255 255 255 255 216  86  47  47  47  47  47 255 255 255 255
255 255 255 255 255 207  47   0   0   0   0   0 255 255 255 255
255 255 255 255   0  47 207 255 255 255 255 255   0  47 207 255
255 255 255 255  47  77 177 207 207 207 207 207  47  86 216 255
255 255 255 255 207 177  77  47  47  47  47  47 207 216 246 255
255 255 255 255 255 207  47   0   0   0   0   0 255 255 255 255
255 255 255 255   0  47 207 255 255 255 255 255   0  47 207 255
255 255 255 255  47  77 177 207 255 246 216 207  47  86 216 255
255 255 255 255 207 177  77  47 255 216  86  47 207 216 246 255
255 255 255 255 255 207  47   0 255 207  47   0 255 255 255 255
255 255 255 255 255 255 255 255   0  47 207 255 255 255 255 255
255 255 255 255 255 255 255 255  47  86 216 255 255 255 255 255
255 255 255 255 255 255 255 255 207 216 246 255 255 255 255 255
255 255 255 255 255 255 255 255 255 255 255 255 255 255 255 255
255 255 255 255 255 255 255 255 255 255 255 255 255 255 255 255
255 255 255 255 255 250 235 231 231 231 231 231 255 255 255 255
255 255 255 255 255 235 171 152 152 152 152 152 255 255 255 255
255 255 255 255 255 231 152 129 129 129 129 129 255 255 255 255
255 255 255 255 129 152 231 255 255 255 255 255 129 152 231 255
255 255 255 255 152 167 216 231 231 231 231 231 152 171 235 255
255 255 255 255 231 216 167 152 152 152 152 152 231 235 250 255
255 255 255 255 255 231 152 129 129 129 129 129 255 255 255 255
255 255 255 255 129 152 231 255 255 255 255 255 129 152 231 255
255 255 255 255 152 167 216 231 255 250 235 231 152 171 235 255
255 255 255 255 231 216 167 152 255 235 171 152 231 235 250 255
255 255 255 255 255 231 152 129 255 231 152 129 255 255 255 255
255 255 255 255 255 255 255 255 129 152 231 255 255 255 255 255
255 255 255 255 255 255 255 255 152 171 235 255 255 255 255 255
255 255 255 255 255 255 255 255 231 235 250 255 255 255 255 255
255 255 255 255 255 255 255 255 255 255 255 255 255 255 255 255

255 255 255 255 255 255 255 255 255 255 255 255 255 255 255 255
255 255 255 255 207 216 246 255 207 216 246 255 255 255 255 255
255 255 255 255  47  86 216 255  47  86 216 255 255 255 255 255
255 255 255 255   0  47 207 255   0  47 207 255 255 255 255 255
255 207  47   0 255 207  47   0 255 207  47   0 255 255 255 255
255 207  47   0 255 207  47   0 255 216  86  47 207 216 246 255
255 207  47   0 255 207  47   0 255 246 216 207  47  86 216 255
255 207  47   0 255 207  47   0 255 255 255 255   0  47 207 255
255 207  47   0 255 207  47   0 255 207  47   0 255 255 255 255
255 216  86  47 207 177  77  47 207 177  77  47 255 255 255 255
255 246 216 207  47  77 177 207  47  77 177 207 255 255 255 255
255 255 255 255   0  47 207 255   0  47 207 255 255 255 255 255
255 255 255 255 255 255 255 255 255 255 255 255 255 255 255 255
255 255 255 255 255 255 255 255 255 255 255 255 255 255 255 255
255 255 255 255 255 255 255 255 255 255 255 255 255 255 255 255
255 255 255 255 255 255 255 255 255 255 255 255 255 255 255 255
255 255 255 255 255 255 255 255 255 255 255 255 255 255 255 255
255 255 255 255 207 216 246 255 207 216 246 255 255 255 255 255
255 255 255 255  47  86 216 255  47  86 216 255 255 255 255 255
255 255 255 255   0  47 207 255   0  47 207 255 255 255 255 255
255 207  47   0 255 207  47   0 255 207  47   0 255 255 255 255
255 207  47   0 255 207  47   0 255 216  86  47 207 216 246 255
255 207  47   0 255 207  47   0 255 246 216 207  47  86 216 255
255 207  47   0 255 207  47   0 255 255 255 255   0  47 207 255
255 207  47   0 255 207  47   0 255 207  47   0 255 255 255 255
255 216  86  47 207 177  77  47 207 177  77  47 255 255 255 255
255 246 216 207  47  77 177 207  47  77 177 207 255 255 255 255
255 255 255 255   0  47 207 255   0  47 207 255 255 255 255 255
255 255 255 255 255 255 255 255 255 255 255 255 255 255 255 255
255 255 255 255 255 255 255 255 255 255 255 255 255 255 255 255
255 255 255 255 255 255 255 255 255 255 255 255 255 255 255 255
255 255 255 255 255 255 255 255 255 255 255 255 255 255 255 255
255 255 255 255 255 255 255 255 255 255 255 255 255 255 255 255
255 255 255 255 231 235 250 255 231 235 250 255 255 255 255 255
255 255 255 255 152 171 235 255 152 171 235 255 255 255 255 255
255 255 255 255 129 152 231 255 129 152 231 255 255 255 255 255
255 231 152 129 255 231 152 129 255 231 152 129 255 255 255 255
255 231 152 129 255 231 152 129 255 235 171 152 231 235 250 255
255 231 152 129 255 231 152 129 255 250 235 231 152 171 235 255
255 231 152 129 255 231 152 129 255 255 255 255 129 152 231 255
255 231 152 129 255 231 152 129 255 231 152 129 255 255 255 255
255 235 171 152 231 216 167 152 231 216 167 152 255 255 255 255
255 250 235 231 152 167 216 231 152 167 216 231 255 255 255 255
255 255 255 255 129 152 231 255 129 152 231 255 255 255 255 255
255 255 255 255 255 255 255 255 255 255 255 255 255 255 255 255
255 255 255 255 255 255 255 255 255 255 255 255 255 255 255 255
255 255 255 255 255 255 255 255 255 255 255 255 255 255 255 255
255 255 255 255 255 255 255 255 255 255 255 255 255 255 255 255
