255 255 255 255 255 211  68  26  26  68 211 255 255 255 255 255
255 255 255 255 211 176  60  26  26  60 176 211 255 255 255 255
255 255 255 255  68  60  34  26  26  34  60  68 255 255 255 255
255 255 255 255  26  26  26  26  26  26  26  26 255 255 255 255
255 211  68  26 255 211  68  26  26  26  26  26  26  68 211 255
255 211  68  26 255 219 103  68  26  26  26  26  26  68 211 255
255 211  68  26 255 246 219 211  26  26  26  26  26  68 211 255
255 211  68  26 255 255 255 255  26  26  26  26  26  68 211 255
255 211  68  26 255 255 255 255 255 255 255 255  26  68 211 255
211 176  60  26 211 211 211 211 211 211 211 211  26  60 176 211
 68  60  34  26  68  68  68  68  68  68  68  68  26  34  60  68
 26  26  26  26  26  26  26  26  26  26  26  26  26  26  26  26
255 211  68  26  26  26  26  26  26  26  26  26  26  68 211 255
255 219 103  68  26  26  26  26  26  26  26  26  68 103 219 255
255 246 219 211  26  26  26  26  26  26  26  26 211 219 246 255
255 255 255 255  26  26  26  26  26  26  26  26 255 255 255 255
255 255 255 255 255 210  63  19  19  63 210 255 255 255 255 255
255 255 255 255 210 174  54  19  19  54 174 210 255 255 255 255
255 255 255 255  63  54  27  19  19  27  54  63 255 255 255 255
255 255 255 255  19  19  19  19  19  19  19  19 255 255 255 255
255 210  63  19 255 210  63  19  19  19  19  19  19  63 210 255
255 210  63  19 255 219  99  63  19  19  19  19  19  63 210 255
255 210  63  19 255 246 219 210  19  19  19  19  19  63 210 255
255 210  63  19 255 255 255 255  19  19  19  19  19  63 210 255
255 210  63  19 255 255 255 255 255 255 255 255  19  63 210 255
210 174  54  19 210 210 210 210 210 210 210 210  19  54 174 210
 63  54  27  19  63  63  63  63  63  63  63  63  19  27  54  63
 19  19  19  19  19  19  19  19  19  19  19  19  19  19  19  19
255 210  63  19  19  19  19  19  19  19  19  19  19  63 210 255
255 219  99  63  19  19  19  19  19  19  19  19  63  99 219 255
255 246 219 210  19  19  19  19  19  19  19  19 210 219 246 255
255 255 255 255  19  19  19  19  19  19  19  19 255 255 255 255
255 255 255 255 255 210  63  20  20  63 210 255 255 255 255 255
255 255 255 255 210 174  55  20  20  55 174 210 255 255 255 255
255 255 255 255  63  55  28  20  20  28  55  63 255 255 255 255
255 255 255 255  20  20  20  20  20  20  20  20 255 255 255 255
255 210  63  20 255 210  63  20  20  20  20  20  20  63 210 255
255 210  63  20 255 219  99  63  20  20  20  20  20  63 210 255
255 210  63  20 255 246 219 210  20  20  20  20  20  63 210 255
255 210  63  20 255 255 255 255  20  20  20  20  20  63 210 255
255 210  63  20 255 255 255 255 255 255 255 255  20  63 210 255
210 174  55  20 210 210 210 210 210 210 210 210  20  55 174 210
 63  55  28  20  63  63  63  63  63  63  63  63  20  28  55  63
 20  20  20  20  20  20  20  20  20  20  20  20  20  20  20  20
255 210  63  20  20  20  20  20  20  20  20  20  20  63 210 255
255 219  99  63  20  20  20  20  20  20  20  20  63  99 219 255
255 246 219 210  20  20  20  20  20  20  20  20 210 219 246 255
255 255 255 255  20  20  20  20  20  20  20  20 255 255 255 255

255 255 255 255 255 255 255 255 255 212  69  26 255 255 255 255
255 255 255 255 212 212 212 212 212 177  61  26 212 220 247 255
255 255 255 255  69  69  69  69  69  61  34  26  69 103 220 255
255 255 255 255  26  26  26  26  26  26  26  26  26  69 212 255
255 212  69  26  26  26  26  26 255 212  69  26  26  26  26  26
212 177  61  26  26  26  26  26 255 212  69  26  26  26  26  26
 69  61  34  26  26  26  26  26 255 212  69  26  26  26  26  26
 26  26  26  26  26  26  26  26 255 212  69  26  26  26  26  26
 26  26  26  26  26  69 212 255 255 212  69  26  26  26  26  26
 69  61  34  26  69 103 220 255 255 212  69  26  26  26  26  26
212 177  61  26 212 220 247 255 255 212  69  26  26  26  26  26
255 212  69  26 255 255 255 255 255 212  69  26  26  26  26  26
255 255 255 255  26  26  26  26  26  26  26  26  26  69 212 255
255 255 255 255  69  69  69  69  69  61  34  26  69 103 220 255
255 255 255 255 212 212 212 212 212 177  61  26 212 220 247 255
255 255 255 255 255 255 255 255 255 212  69  26 255 255 255 255
255 255 255 255 255 255 255 255 255 211  63  19 255 255 255 255
255 255 255 255 211 211 211 211 211 175  55  19 211 219 247 255
255 255 255 255  63  63  63  63  63  55  27  19  63  99 219 255
255 255 255 255  19  19  19  19  19  19  19  19  19  63 211 255
255 211  63  19  19  19  19  19 255 211  63  19  19  19  19  19
211 175  55  19  19  19  19  19 255 211  63  19  19  19  19  19
 63  55  27  19  19  19  19  19 255 211  63  19  19  19  19  19
 19  19  19  19  19  19  19  19 255 211  63  19  19  19  19  19
 19  19  19  19  19  63 211 255 255 211  63  19  19  19  19  19
 63  55  27  19  63  99 219 255 255 211  63  19  19  19  19  19
211 175  55  19 211 219 247 255 255 211  63  19  19  19  19  19
255 211  63  19 255 255 255 255 255 211  63  19  19  19  19  19
255 255 255 255  19  19  19  19  19  19  19  19  19  63 211 255
255 255 255 255  63  63  63  63  63  55  27  19  63  99 219 255
255 255 255 255 211 211 211 211 211 175  55  19 211 219 247 255
255 255 255 255 255 255 255 255 255 211  63  19 255 255 255 255
255 255 255 255 255 255 255 255 255 211  64  20 255 255 255 255
255 255 255 255 211 211 211 211 211 175  56  20 211 219 247 255
255 255 255 255  64  64  64  64  64  56  28  20  64 100 219 255
255 255 255 255  20  20  20  20  20  20  20  20  20  64 211 255
255 211  64  20  20  20  20  20 255 211  64  20  20  20  20  20
211 175  56  20  20  20  20  20 255 211  64  20  20  20  20  20
 64  56  28  20  20  20  20  20 255 211  64  20  20  20  20  20
 20  20  20  20  20  20  20  20 255 211  64  20  20  20  20  20
 20  20  20  20  20  64 211 255 255 211  64  20  20  20  20  20
 64  56  28  20  64 100 219 255 255 211  64  20  20  20  20  20
211 175  56  20 211 219 247 255 255 211  64  20  20  20  20  20
255 211  64  20 255 255 255 255 255 211  64  20  20  20  20  20
255 255 255 255  20  20  20  20  20  20  20  20  20  64 211 255
255 255 255 255  64  64  64  64  64  56  28  20  64 100 219 255
255 255 255 255 211 211 211 211 211 175  56  20 211 219 247 255
255 255 255 255 255 255 255 255 255 211  64  20 255 255 255 255

255 255 255 255  26  26  26  26  26  26  26  26 255 255 255 255
255 246 219 211  26  26  26  26  26  26  26  26 211 219 246 255
255 219 103  68  26  26  26  26  26  26  26  26  68 103 219 255
255 211  68  26  26  26  26  26  26  26  26  26  26  68 211 255
 26  26  26  26  26  26  26  26  26  26  26  26  26  26  26  26
 68  60  34  26  68  68  68  68  68  68  68  68  26  34  60  68
211 176  60  26 211 211 211 211 211 211 211 211  26  60 176 211
255 211  68  26 255 255 255 255 255 255 255 255  26  68 211 255
255 211  68  26  26  26  26  26 255 255 255 255  26  68 211 255
255 211  68  26  26  26  26  26 211 219 246 255  26  68 211 255
255 211  68  26  26  26  26  26  68 103 219 255  26  68 211 255
255 211  68  26  26  26  26  26  26  68 211 255  26  68 211 255
255 255 255 255  26  26  26  26  26  26  26  26 255 255 255 255
255 255 255 255  68  60  34  26  26  34  60  68 255 255 255 255
255 255 255 255 211 176  60  26  26  60 176 211 255 255 255 255
255 255 255 255 255 211  68  26  26  68 211 255 255 255 255 255
255 255 255 255  19  19  19  19  19  19  19  19 255 255 255 255
255 246 219 210  19  19  19  19  19  19  19  19 210 219 246 255
255 219  99  63  19  19  19  19  19  19  19  19  63  99 219 255
255 210  63  19  19  19  19  19  19  19  19  19  19  63 210 255
 19  19  19  19  19  19  19  19  19  19  19  19  19  19  19  19
 63  54  27  19  63  63  63  63  63  63  63  63  19  27  54  63
210 174  54  19 210 210 210 210 210 210 210 210  19  54 174 210
255 210  63  19 255 255 255 255 255 255 255 255  19  63 210 255
255 210  63  19  19  19  19  19 255 255 255 255  19  63 210 255
255 210  63  19  19  19  19  19 210 219 246 255  19  63 210 255
255 210  63  19  19  19  19  19  63  99 219 255  19  63 210 255
255 210  63  19  19  19  19  19  19  63 210 255  19  63 210 255
255 255 255 255  19  19  19  19  19  19  19  19 255 255 255 255
255 255 255 255  63  54  27  19  19  27  54  63 255 255 255 255
255 255 255 255 210 174  54  19  19  54 174 210 255 255 255 255
255 255 255 255 255 210  63  19  19  63 210 255 255 255 255 255
255 255 255 255  20  20  20  20  20  20  20  20 255 255 255 255
255 246 219 210  20  20  20  20  20  20  20  20 210 219 246 255
255 219  99  63  20  20  20  20  20  20  20  20  63  99 219 255
255 210  63  20  20  20  20  20  20  20  20  20  20  63 210 255
 20  20  20  20  20  20  20  20  20  20  20  20  20  20  20  20
 63  55  28  20  63  63  63  63  63  63  63  63  20  28  55  63
210 174  55  20 210 210 210 210 210 210 210 210  20  55 174 210
255 210  63  20 255 255 255 255 255 255 255 255  20  63 210 255
255 210  63  20  20  20  20  20 255 255 255 255  20  63 210 255
255 210  63  20  20  20  20  20 210 219 246 255  20  63 210 255
255 210  63  20  20  20  20  20  63  99 219 255  20  63 210 255
255 210  63  20  20  20  20  20  20  63 210 255  20  63 210 255
255 255 255 255  20  20  20  20  20  20  20  20 255 255 255 255
255 255 255 255  63  55  28  20  20  28  55  63 255 255 255 255
255 255 255 255 210 174  55  20  20  55 174 210 255 255 255 255
255 255 255 255 255 210  63  20  20  63 210 255 255 255 255 255

255 255 255 255  26  69 212 255 255 255 255 255 255 255 255 255
255 247 220 212  26  61 177 212 212 212 212 212 255 255 255 255
255 220 103  69  26  34  61  69  69  69  69  69 255 255 255 255
255 212  69  26  26  26  26  26  26  26  26  26 255 255 255 255
 26  26  26  26  26  69 212 255 255 255 255 255  26  69 212 255
 26  26  26  26  26  69 212 255 255 247 220 212  26  61 177 212
 26  26  26  26  26  69 212 255 255 220 103  69  26  34  61  69
 26  26  26  26  26  69 212 255 255 212  69  26  26  26  26  26
 26  26  26  26  26  69 212 255  26  26  26  26  26  26  26  26
 26  26  26  26  26  69 212 255  26  26  26  26  26  34  61  69
 26  26  26  26  26  69 212 255  26  26  26  26  26  61 177 212
 26  26  26  26  26  69 212 255  26  26  26  26  26  69 212 255
255 212  69  26  26  26  26  26  26  26  26  26 255 255 255 255
255 220 103  69  26  34  61  69  69  69  69  69 255 255 255 255
255 247 220 212  26  61 177 212 212 212 212 212 255 255 255 255
255 255 255 255  26  69 212 255 255 255 255 255 255 255 255 255
255 255 255 255  19  63 211 255 255 255 255 255 255 255 255 255
255 247 219 211  19  55 175 211 211 211 211 211 255 255 255 255
255 219  99  63  19  27  55  63  63  63  63  63 255 255 255 255
255 211  63  19  19  19  19  19  19  19  19  19 255 255 255 255
 19  19  19  19  19  63 211 255 255 255 255 255  19  63 211 255
 19  19  19  19  19  63 211 255 255 247 219 211  19  55 175 211
 19  19  19  19  19  63 211 255 255 219  99  63  19  27  55  63
 19  19  19  19  19  63 211 255 255 211  63  19  19  19  19  19
 19  19  19  19  19  63 211 255  19  19  19  19  19  19  19  19
 19  19  19  19  19  63 211 255  19  19  19  19  19  27  55  63
 19  19  19  19  19  63 211 255  19  19  19  19  19  55 175 211
 19  19  19  19  19  63 211 255  19  19  19  19  19  63 211 255
255 211  63  19  19  19  19  19  19  19  19  19 255 255 255 255
255 219  99  63  19  27  55  63  63  63  63  63 255 255 255 255
255 247 219 211  19  55 175 211 211 211 211 211 255 255 255 255
255 255 255 255  19  63 211 255 255 255 255 255 255 255 255 255
255 255 255 255  20  64 211 255 255 255 255 255 255 255 255 255
255 247 219 211  20  56 175 211 211 211 211 211 255 255 255 255
255 219 100  64  20  28  56  64  64  64  64  64 255 255 255 255
255 211  64  20  20  20  20  20  20  20  20  20 255 255 255 255
 20  20  20  20  20  64 211 255 255 255 255 255  20  64 211 255
 20  20  20  20  20  64 211 255 255 247 219 211  20  56 175 211
 20  20  20  20  20  64 211 255 255 219 100  64  20  28  56  64
 20  20  20  20  20  64 211 255 255 211  64  20  20  20  20  20
 20  20  20  20  20  64 211 255  20  20  20  20  20  20  20  20
 20  20  20  20  20  64 211 255  20  20  20  20  20  28  56  64
 20  20  20  20  20  64 211 255  20  20  20  20  20  56 175 211
 20  20  20  20  20  64 211 255  20  20  20  20  20  64 211 255
255 211  64  20  20  20  20  20  20  20  20  20 255 255 255 255
255 219 100  64  20  28  56  64  64  64  64  64 255 255 255 255
255 247 219 211  20  56 175 211 211 211 211 211 255 255 255 255
255 255 255 255  20  64 211 255 255 255 255 255 255 255 255 255
